0   1.0 2.0   7.0
1   0.97738 1.95541   6.7789
2   0.955 1.9107   6.56279
3   0.93804 1.86366   6.35315
4   0.91975 1.81713   6.14789
5   0.89881 1.77172   5.94686
6   0.8656 1.73435   5.75722
7   0.84628 1.68823   5.56631
8   0.82238 1.64431   5.38007
9   0.80125 1.599   5.19879
10   0.77094 1.55923   5.02555
11   0.74737 1.51514   4.8542
12   0.71252 1.47928   4.69595
13   0.69291 1.43329   4.53443
14   0.67665 1.386   4.37886
15   0.65307 1.34191   4.22723
16   0.6289 1.29814   4.08069
17   0.60315 1.25529   3.93953
18   0.57402 1.21464   3.80486
19   0.56146 1.16625   3.67537
20   0.53403 1.12444   3.54956
21   0.51762 1.07721   3.42831
22   0.49419 1.03304   3.3114
23   0.47617 0.9864   3.19972
24   0.46001 0.93908   3.09349
25   0.43495 0.89582   2.99167
26   0.41211 0.85134   2.89461
27   0.39064 0.80618   2.80253
28   0.36947 0.76089   2.71546
29   0.34114 0.71969   2.63432
30   0.31908 0.67482   2.55719
31   0.29511 0.63094   2.48517
32   0.27056 0.58738   2.41821
33   0.24963 0.54197   2.35605
34   0.23203 0.49517   2.29903
35   0.20898 0.4508   2.24689
36   0.18725 0.40577   2.19971
37   0.16583 0.36059   2.15752
38   0.14722 0.31418   2.12038
39   0.12973 0.26734   2.0883
40   0.10837 0.22213   2.06109
41   0.08751 0.17669   2.03888
42   0.05682 0.13722   2.02206
43   0.02911 0.0956   2.00999
44   0.01635 0.04726   2.0025
45   0.00383 -0.00115   2.00002
46   0.00383 -0.00115   2.00002
47   0.00383 -0.00115   2.00002
48   0.00383 -0.00115   2.00002
49   0.00383 -0.00115   2.00002
50   0.00383 -0.00115   2.00002
51   0.00383 -0.00115   2.00002
52   0.00383 -0.00115   2.00002
53   0.00383 -0.00115   2.00002
54   0.00383 -0.00115   2.00002
55   0.00383 -0.00115   2.00002
56   0.00383 -0.00115   2.00002
57   0.00383 -0.00115   2.00002
58   0.00383 -0.00115   2.00002
59   0.00383 -0.00115   2.00002
60   0.00383 -0.00115   2.00002
61   0.00383 -0.00115   2.00002
62   0.00383 -0.00115   2.00002
63   0.00383 -0.00115   2.00002
64   0.00383 -0.00115   2.00002
65   0.00383 -0.00115   2.00002
66   0.00383 -0.00115   2.00002
67   0.00383 -0.00115   2.00002
68   0.00383 -0.00115   2.00002
69   0.00383 -0.00115   2.00002
70   0.00383 -0.00115   2.00002
71   0.00383 -0.00115   2.00002
72   0.00383 -0.00115   2.00002
73   0.00383 -0.00115   2.00002
74   0.00383 -0.00115   2.00002
75   0.00383 -0.00115   2.00002
76   0.00383 -0.00115   2.00002
77   0.00383 -0.00115   2.00002
78   0.00383 -0.00115   2.00002
79   0.00383 -0.00115   2.00002
80   0.00383 -0.00115   2.00002
81   0.00383 -0.00115   2.00002
82   0.00383 -0.00115   2.00002
83   0.00383 -0.00115   2.00002
84   0.00383 -0.00115   2.00002
85   0.00383 -0.00115   2.00002
86   0.00383 -0.00115   2.00002
87   0.00383 -0.00115   2.00002
88   0.00383 -0.00115   2.00002
89   0.00383 -0.00115   2.00002
90   0.00383 -0.00115   2.00002
91   0.00383 -0.00115   2.00002
92   0.00383 -0.00115   2.00002
93   0.00383 -0.00115   2.00002
94   0.00383 -0.00115   2.00002
95   0.00383 -0.00115   2.00002
96   0.00383 -0.00115   2.00002
97   0.00383 -0.00115   2.00002
98   0.00383 -0.00115   2.00002
99   0.00383 -0.00115   2.00002
100   0.00383 -0.00115   2.00002
101   0.00383 -0.00115   2.00002
102   0.00383 -0.00115   2.00002
103   0.00383 -0.00115   2.00002
104   0.00383 -0.00115   2.00002
105   0.00383 -0.00115   2.00002
106   0.00383 -0.00115   2.00002
107   0.00383 -0.00115   2.00002
108   0.00383 -0.00115   2.00002
109   0.00383 -0.00115   2.00002
110   0.00383 -0.00115   2.00002
111   0.00383 -0.00115   2.00002
112   0.00383 -0.00115   2.00002
113   0.00383 -0.00115   2.00002
114   0.00383 -0.00115   2.00002
115   0.00383 -0.00115   2.00002
116   0.00383 -0.00115   2.00002
117   0.00383 -0.00115   2.00002
118   0.00383 -0.00115   2.00002
119   0.00383 -0.00115   2.00002
120   0.00383 -0.00115   2.00002
121   0.00383 -0.00115   2.00002
122   0.00383 -0.00115   2.00002
123   0.00383 -0.00115   2.00002
124   0.00383 -0.00115   2.00002
125   0.00383 -0.00115   2.00002
126   0.00383 -0.00115   2.00002
127   0.00383 -0.00115   2.00002
128   0.00383 -0.00115   2.00002
129   0.00383 -0.00115   2.00002
130   0.00383 -0.00115   2.00002
131   0.00383 -0.00115   2.00002
132   0.00383 -0.00115   2.00002
133   0.00383 -0.00115   2.00002
134   0.00383 -0.00115   2.00002
135   0.00383 -0.00115   2.00002
136   0.00383 -0.00115   2.00002
137   0.00383 -0.00115   2.00002
138   0.00383 -0.00115   2.00002
139   0.00383 -0.00115   2.00002
140   0.00383 -0.00115   2.00002
141   0.00383 -0.00115   2.00002
142   0.00383 -0.00115   2.00002
143   0.00383 -0.00115   2.00002
144   0.00383 -0.00115   2.00002
145   0.00383 -0.00115   2.00002
146   0.00383 -0.00115   2.00002
147   0.00383 -0.00115   2.00002
148   0.00383 -0.00115   2.00002
149   0.00383 -0.00115   2.00002
150   0.00383 -0.00115   2.00002
151   0.00383 -0.00115   2.00002
152   0.00383 -0.00115   2.00002
153   0.00383 -0.00115   2.00002
154   0.00383 -0.00115   2.00002
155   0.00383 -0.00115   2.00002
156   0.00383 -0.00115   2.00002
157   0.00383 -0.00115   2.00002
158   0.00383 -0.00115   2.00002
159   0.00383 -0.00115   2.00002
160   0.00383 -0.00115   2.00002
161   0.00383 -0.00115   2.00002
162   0.00383 -0.00115   2.00002
163   0.00383 -0.00115   2.00002
164   0.00383 -0.00115   2.00002
165   0.00383 -0.00115   2.00002
166   0.00383 -0.00115   2.00002
167   0.00383 -0.00115   2.00002
168   0.00383 -0.00115   2.00002
169   0.00383 -0.00115   2.00002
170   0.00383 -0.00115   2.00002
171   0.00383 -0.00115   2.00002
172   0.00383 -0.00115   2.00002
173   0.00383 -0.00115   2.00002
174   0.00383 -0.00115   2.00002
175   0.00383 -0.00115   2.00002
176   0.00383 -0.00115   2.00002
177   0.00383 -0.00115   2.00002
178   0.00383 -0.00115   2.00002
179   0.00383 -0.00115   2.00002
180   0.00383 -0.00115   2.00002
181   0.00383 -0.00115   2.00002
182   0.00383 -0.00115   2.00002
183   0.00383 -0.00115   2.00002
184   0.00383 -0.00115   2.00002
185   0.00383 -0.00115   2.00002
186   0.00383 -0.00115   2.00002
187   0.00383 -0.00115   2.00002
188   0.00383 -0.00115   2.00002
189   0.00383 -0.00115   2.00002
190   0.00383 -0.00115   2.00002
191   0.00383 -0.00115   2.00002
192   0.00383 -0.00115   2.00002
193   0.00383 -0.00115   2.00002
194   0.00383 -0.00115   2.00002
195   0.00383 -0.00115   2.00002
196   0.00383 -0.00115   2.00002
197   0.00383 -0.00115   2.00002
198   0.00383 -0.00115   2.00002
199   0.00383 -0.00115   2.00002
200   0.00383 -0.00115   2.00002
