0	1	1	4
1	0.9	0.9	3.62
2	0.81	0.81	3.3122
3	0.729	0.729	3.0629
4	0.6561	0.6561	2.8609
5	0.59049	0.59049	2.6974
6	0.53144	0.53144	2.5649
7	0.4783	0.4783	2.4575
8	0.43047	0.43047	2.3706
9	0.38742	0.38742	2.3002
10	0.34868	0.34868	2.2432
11	0.31381	0.31381	2.197
12	0.28243	0.28243	2.1595
13	0.25419	0.25419	2.1292
14	0.22877	0.22877	2.1047
15	0.20589	0.20589	2.0848
16	0.1853	0.1853	2.0687
17	0.16677	0.16677	2.0556
18	0.15009	0.15009	2.0451
19	0.13509	0.13509	2.0365
20	0.12158	0.12158	2.0296
21	0.10942	0.10942	2.0239
22	0.098477	0.098477	2.0194
23	0.088629	0.088629	2.0157
24	0.079766	0.079766	2.0127
25	0.07179	0.07179	2.0103
26	0.064611	0.064611	2.0083
27	0.05815	0.05815	2.0068
28	0.052335	0.052335	2.0055
29	0.047101	0.047101	2.0044
30	0.042391	0.042391	2.0036
31	0.038152	0.038152	2.0029
32	0.034337	0.034337	2.0024
33	0.030903	0.030903	2.0019
34	0.027813	0.027813	2.0015
35	0.025032	0.025032	2.0013
36	0.022528	0.022528	2.001
37	0.020276	0.020276	2.0008
38	0.018248	0.018248	2.0007
39	0.016423	0.016423	2.0005
40	0.014781	0.014781	2.0004
41	0.013303	0.013303	2.0004
42	0.011973	0.011973	2.0003
43	0.010775	0.010775	2.0002
44	0.0096977	0.0096977	2.0002
45	0.008728	0.008728	2.0002
46	0.0078552	0.0078552	2.0001
47	0.0070697	0.0070697	2.0001
48	0.0063627	0.0063627	2.0001
49	0.0057264	0.0057264	2.0001
50	0.0051538	0.0051538	2.0001
51	0.0046384	0.0046384	2
52	0.0041746	0.0041746	2
53	0.0037571	0.0037571	2
54	0.0033814	0.0033814	2
55	0.0030433	0.0030433	2
56	0.0027389	0.0027389	2
57	0.002465	0.002465	2
58	0.0022185	0.0022185	2
59	0.0019967	0.0019967	2
60	0.001797	0.001797	2
61	0.0016173	0.0016173	2
62	0.0014556	0.0014556	2
63	0.00131	0.00131	2
64	0.001179	0.001179	2
65	0.0010611	0.0010611	2
66	0.000955	0.000955	2
67	0.0008595	0.0008595	2
68	0.00077355	0.00077355	2
69	0.0006962	0.0006962	2
70	0.00062658	0.00062658	2
71	0.00056392	0.00056392	2
72	0.00050753	0.00050753	2
73	0.00045678	0.00045678	2
74	0.0004111	0.0004111	2
75	0.00036999	0.00036999	2
76	0.00033299	0.00033299	2
77	0.00029969	0.00029969	2
78	0.00026972	0.00026972	2
79	0.00024275	0.00024275	2
80	0.00021847	0.00021847	2
81	0.00019663	0.00019663	2
82	0.00017696	0.00017696	2
83	0.00015927	0.00015927	2
84	0.00014334	0.00014334	2
85	0.00012901	0.00012901	2
86	0.00011611	0.00011611	2
87	0.0001045	0.0001045	2
88	9.4046e-05	9.4046e-05	2
89	8.4641e-05	8.4641e-05	2
90	7.6177e-05	7.6177e-05	2
91	6.856e-05	6.856e-05	2
92	6.1704e-05	6.1704e-05	2
93	5.5533e-05	5.5533e-05	2
94	4.998e-05	4.998e-05	2
95	4.4982e-05	4.4982e-05	2
96	4.0484e-05	4.0484e-05	2
97	3.6435e-05	3.6435e-05	2
98	3.2792e-05	3.2792e-05	2
99	2.9513e-05	2.9513e-05	2
100	2.6561e-05	2.6561e-05	2
101	2.3905e-05	2.3905e-05	2
102	2.1515e-05	2.1515e-05	2
103	1.9363e-05	1.9363e-05	2
104	1.7427e-05	1.7427e-05	2
105	1.5684e-05	1.5684e-05	2
106	1.4116e-05	1.4116e-05	2
107	1.2704e-05	1.2704e-05	2
108	1.1434e-05	1.1434e-05	2
109	1.029e-05	1.029e-05	2
110	9.2614e-06	9.2614e-06	2
111	8.3352e-06	8.3352e-06	2
112	7.5017e-06	7.5017e-06	2
113	6.7516e-06	6.7516e-06	2
114	6.0764e-06	6.0764e-06	2
115	5.4688e-06	5.4688e-06	2
116	4.9219e-06	4.9219e-06	2
117	4.4297e-06	4.4297e-06	2
118	3.9867e-06	3.9867e-06	2
119	3.5881e-06	3.5881e-06	2
120	3.2292e-06	3.2292e-06	2
121	2.9063e-06	2.9063e-06	2
122	2.6157e-06	2.6157e-06	2
123	2.3541e-06	2.3541e-06	2
124	2.1187e-06	2.1187e-06	2
125	1.9068e-06	1.9068e-06	2
126	1.7162e-06	1.7162e-06	2
127	1.5445e-06	1.5445e-06	2
128	1.3901e-06	1.3901e-06	2
129	1.2511e-06	1.2511e-06	2
130	1.126e-06	1.126e-06	2
131	1.0134e-06	1.0134e-06	2
132	9.1203e-07	9.1203e-07	2
133	8.2083e-07	8.2083e-07	2
134	7.3875e-07	7.3875e-07	2
135	6.6487e-07	6.6487e-07	2
136	5.9839e-07	5.9839e-07	2
137	5.3855e-07	5.3855e-07	2
138	4.8469e-07	4.8469e-07	2
139	4.3622e-07	4.3622e-07	2
140	3.926e-07	3.926e-07	2
141	3.5334e-07	3.5334e-07	2
142	3.1801e-07	3.1801e-07	2
143	2.8621e-07	2.8621e-07	2
144	2.5759e-07	2.5759e-07	2
145	2.3183e-07	2.3183e-07	2
146	2.0864e-07	2.0864e-07	2
147	1.8778e-07	1.8778e-07	2
148	1.69e-07	1.69e-07	2
149	1.521e-07	1.521e-07	2
150	1.3689e-07	1.3689e-07	2
151	1.232e-07	1.232e-07	2
152	1.1088e-07	1.1088e-07	2
153	9.9794e-08	9.9794e-08	2
154	8.9815e-08	8.9815e-08	2
155	8.0833e-08	8.0833e-08	2
156	7.275e-08	7.275e-08	2
157	6.5475e-08	6.5475e-08	2
158	5.8927e-08	5.8927e-08	2
159	5.3035e-08	5.3035e-08	2
160	4.7731e-08	4.7731e-08	2
161	4.2958e-08	4.2958e-08	2
162	3.8662e-08	3.8662e-08	2
163	3.4796e-08	3.4796e-08	2
164	3.1316e-08	3.1316e-08	2
165	2.8185e-08	2.8185e-08	2
166	2.5366e-08	2.5366e-08	2
167	2.283e-08	2.283e-08	2
168	2.0547e-08	2.0547e-08	2
169	1.8492e-08	1.8492e-08	2
170	1.6643e-08	1.6643e-08	2
171	1.4979e-08	1.4979e-08	2
172	1.3481e-08	1.3481e-08	2
173	1.2133e-08	1.2133e-08	2
174	1.0919e-08	1.0919e-08	2
175	9.8274e-09	9.8274e-09	2
176	8.8447e-09	8.8447e-09	2
177	7.9602e-09	7.9602e-09	2
178	7.1642e-09	7.1642e-09	2
179	6.4478e-09	6.4478e-09	2
180	5.803e-09	5.803e-09	2
181	5.2227e-09	5.2227e-09	2
182	4.7004e-09	4.7004e-09	2
183	4.2304e-09	4.2304e-09	2
184	3.8073e-09	3.8073e-09	2
185	3.4266e-09	3.4266e-09	2
186	3.0839e-09	3.0839e-09	2
187	2.7756e-09	2.7756e-09	2
188	2.498e-09	2.498e-09	2
189	2.2482e-09	2.2482e-09	2
190	2.0234e-09	2.0234e-09	2
191	1.821e-09	1.821e-09	2
192	1.6389e-09	1.6389e-09	2
193	1.475e-09	1.475e-09	2
194	1.3275e-09	1.3275e-09	2
195	1.1948e-09	1.1948e-09	2
196	1.0753e-09	1.0753e-09	2
197	9.6778e-10	9.6778e-10	2
198	8.71e-10	8.71e-10	2
199	7.839e-10	7.839e-10	2
200	7.0551e-10	7.0551e-10	2
yes
