0	100	10000
1	98	9604.2
2	96.04	9223.9
3	94.119	8858.6
4	92.237	8507.8
5	90.392	8170.9
6	88.584	7847.4
7	86.813	7536.6
8	85.076	7238.2
9	83.375	6951.6
10	81.707	6676.3
11	80.073	6411.9
12	78.472	6158
13	76.902	5914.2
14	75.364	5680
15	73.857	5455
16	72.38	5239
17	70.932	5031.6
18	69.514	4832.3
19	68.123	4641
20	66.761	4457.2
21	65.426	4280.7
22	64.117	4111.2
23	62.835	3948.4
24	61.578	3792.1
25	60.346	3641.9
26	59.14	3497.7
27	57.957	3359.2
28	56.798	3226.2
29	55.662	3098.4
30	54.548	2975.7
31	53.457	2857.9
32	52.388	2744.7
33	51.341	2636.1
34	50.314	2531.7
35	49.307	2431.4
36	48.321	2335.1
37	47.355	2242.7
38	46.408	2153.9
39	45.48	2068.6
40	44.57	1986.7
41	43.679	1908
42	42.805	1832.5
43	41.949	1759.9
44	41.11	1690.2
45	40.288	1623.3
46	39.482	1559
47	38.692	1497.3
48	37.919	1438
49	37.16	1381.1
50	36.417	1326.4
51	35.689	1273.9
52	34.975	1223.4
53	34.275	1175
54	33.59	1128.5
55	32.918	1083.8
56	32.26	1040.9
57	31.614	999.68
58	30.982	960.1
59	30.363	922.09
60	29.755	885.58
61	29.16	850.52
62	28.577	816.85
63	28.005	784.51
64	27.445	753.45
65	26.896	723.62
66	26.359	694.97
67	25.831	667.46
68	25.315	641.04
69	24.808	615.66
70	24.312	591.29
71	23.826	567.88
72	23.349	545.4
73	22.883	523.81
74	22.425	503.07
75	21.976	483.16
76	21.537	464.03
77	21.106	445.67
78	20.684	428.03
79	20.27	411.08
80	19.865	394.81
81	19.468	379.19
82	19.078	364.18
83	18.697	349.77
84	18.323	335.92
85	17.956	322.63
86	17.597	309.86
87	17.245	297.6
88	16.9	285.82
89	16.562	274.51
90	16.231	263.65
91	15.906	253.21
92	15.588	243.2
93	15.277	233.57
94	14.971	224.33
95	14.672	215.46
96	14.378	206.93
97	14.091	198.74
98	13.809	190.88
99	13.533	183.33
100	13.262	176.08
101	12.997	169.11
102	12.737	162.43
103	12.482	156
104	12.232	149.83
105	11.988	143.91
106	11.748	138.22
107	11.513	132.75
108	11.283	127.5
109	11.057	122.46
110	10.836	117.62
111	10.619	112.97
112	10.407	108.5
113	10.199	104.21
114	9.9948	100.1
115	9.7949	96.139
116	9.599	92.34
117	9.407	88.692
118	9.2189	85.187
119	9.0345	81.822
120	8.8538	78.59
121	8.6767	75.485
122	8.5032	72.504
123	8.3331	69.641
124	8.1665	66.891
125	8.0031	64.25
126	7.8431	61.714
127	7.6862	59.278
128	7.5325	56.938
129	7.3818	54.691
130	7.2342	52.533
131	7.0895	50.461
132	6.9477	48.471
133	6.8088	46.559
134	6.6726	44.723
135	6.5391	42.96
136	6.4084	41.267
137	6.2802	39.641
138	6.1546	38.079
139	6.0315	36.579
140	5.9109	35.138
141	5.7926	33.755
142	5.6768	32.426
143	5.5633	31.15
144	5.452	29.924
145	5.3429	28.747
146	5.2361	27.617
147	5.1314	26.531
148	5.0287	25.488
149	4.9282	24.487
150	4.8296	23.525
151	4.733	22.601
152	4.6383	21.714
153	4.5456	20.862
154	4.4547	20.044
155	4.3656	19.258
156	4.2783	18.504
157	4.1927	17.779
158	4.1088	17.083
159	4.0267	16.414
160	3.9461	15.772
161	3.8672	15.155
162	3.7899	14.563
163	3.7141	13.994
164	3.6398	13.448
165	3.567	12.923
166	3.4957	12.42
167	3.4257	11.936
168	3.3572	11.471
169	3.2901	11.025
170	3.2243	10.596
171	3.1598	10.184
172	3.0966	9.7889
173	3.0347	9.4092
174	2.974	9.0445
175	2.9145	8.6943
176	2.8562	8.3579
177	2.7991	8.0349
178	2.7431	7.7246
179	2.6882	7.4266
180	2.6345	7.1404
181	2.5818	6.8656
182	2.5301	6.6016
183	2.4795	6.3481
184	2.43	6.1047
185	2.3814	5.8708
186	2.3337	5.6463
187	2.2871	5.4306
188	2.2413	5.2235
189	2.1965	5.0245
190	2.1526	4.8335
191	2.1095	4.65
192	2.0673	4.4738
193	2.026	4.3045
194	1.9854	4.142
195	1.9457	3.9859
196	1.9068	3.836
197	1.8687	3.692
198	1.8313	3.5537
199	1.7947	3.4209
200	1.7588	3.2934
no
