0	-1.8	0.77276
1	-1.819	0.73527
2	-1.8394	0.69258
3	-1.861	0.64433
4	-1.884	0.59021
5	-1.9082	0.53005
6	-1.9336	0.46386
7	-1.9602	0.39182
8	-1.9878	0.31439
9	-2.0163	0.23223
10	-2.0455	0.14631
11	-2.0751	0.05777
12	-2.1051	-0.032042
13	-2.1351	-0.1217
14	-2.1648	-0.20976
15	-2.1942	-0.29488
16	-2.2228	-0.37586
17	-2.2506	-0.45175
18	-2.2774	-0.52185
19	-2.303	-0.58574
20	-2.3273	-0.64325
21	-2.3503	-0.69444
22	-2.3719	-0.73955
23	-2.3921	-0.77895
24	-2.4109	-0.81308
25	-2.4283	-0.84245
26	-2.4445	-0.86758
27	-2.4594	-0.88896
28	-2.4732	-0.90708
29	-2.4858	-0.92237
30	-2.4974	-0.93524
31	-2.508	-0.94604
32	-2.5177	-0.95509
33	-2.5266	-0.96265
34	-2.5347	-0.96896
35	-2.5421	-0.97422
36	-2.5489	-0.9786
37	-2.5551	-0.98224
38	-2.5607	-0.98527
39	-2.5658	-0.98779
40	-2.5705	-0.98987
41	-2.5748	-0.99161
42	-2.5787	-0.99304
43	-2.5822	-0.99424
44	-2.5854	-0.99522
45	-2.5883	-0.99604
46	-2.591	-0.99672
47	-2.5934	-0.99728
48	-2.5956	-0.99775
49	-2.5976	-0.99814
50	-2.5995	-0.99846
51	-2.6011	-0.99872
52	-2.6027	-0.99894
53	-2.604	-0.99912
54	-2.6053	-0.99927
55	-2.6064	-0.9994
56	-2.6075	-0.9995
57	-2.6084	-0.99959
58	-2.6093	-0.99966
59	-2.6101	-0.99972
60	-2.6108	-0.99977
61	-2.6114	-0.99981
62	-2.612	-0.99984
63	-2.6126	-0.99987
64	-2.613	-0.99989
65	-2.6135	-0.99991
66	-2.6139	-0.99992
67	-2.6143	-0.99994
68	-2.6146	-0.99995
69	-2.6149	-0.99996
70	-2.6152	-0.99996
71	-2.6154	-0.99997
72	-2.6157	-0.99998
73	-2.6159	-0.99998
74	-2.6161	-0.99998
75	-2.6162	-0.99999
76	-2.6164	-0.99999
77	-2.6165	-0.99999
78	-2.6167	-0.99999
79	-2.6168	-0.99999
80	-2.6169	-0.99999
81	-2.617	-1
82	-2.6171	-1
83	-2.6172	-1
84	-2.6172	-1
85	-2.6173	-1
86	-2.6174	-1
87	-2.6174	-1
88	-2.6175	-1
89	-2.6175	-1
90	-2.6176	-1
91	-2.6176	-1
92	-2.6176	-1
93	-2.6177	-1
94	-2.6177	-1
95	-2.6177	-1
96	-2.6178	-1
97	-2.6178	-1
98	-2.6178	-1
99	-2.6178	-1
100	-2.6178	-1
101	-2.6178	-1
102	-2.6179	-1
103	-2.6179	-1
104	-2.6179	-1
105	-2.6179	-1
106	-2.6179	-1
107	-2.6179	-1
108	-2.6179	-1
109	-2.6179	-1
110	-2.6179	-1
111	-2.6179	-1
112	-2.6179	-1
113	-2.6179	-1
114	-2.6179	-1
115	-2.618	-1
116	-2.618	-1
117	-2.618	-1
118	-2.618	-1
119	-2.618	-1
120	-2.618	-1
121	-2.618	-1
122	-2.618	-1
123	-2.618	-1
124	-2.618	-1
125	-2.618	-1
126	-2.618	-1
127	-2.618	-1
128	-2.618	-1
129	-2.618	-1
130	-2.618	-1
131	-2.618	-1
132	-2.618	-1
133	-2.618	-1
134	-2.618	-1
135	-2.618	-1
136	-2.618	-1
137	-2.618	-1
138	-2.618	-1
139	-2.618	-1
140	-2.618	-1
141	-2.618	-1
142	-2.618	-1
143	-2.618	-1
144	-2.618	-1
145	-2.618	-1
146	-2.618	-1
147	-2.618	-1
148	-2.618	-1
149	-2.618	-1
150	-2.618	-1
151	-2.618	-1
152	-2.618	-1
153	-2.618	-1
154	-2.618	-1
155	-2.618	-1
156	-2.618	-1
157	-2.618	-1
158	-2.618	-1
159	-2.618	-1
160	-2.618	-1
161	-2.618	-1
162	-2.618	-1
163	-2.618	-1
164	-2.618	-1
165	-2.618	-1
166	-2.618	-1
167	-2.618	-1
168	-2.618	-1
169	-2.618	-1
170	-2.618	-1
171	-2.618	-1
172	-2.618	-1
173	-2.618	-1
174	-2.618	-1
175	-2.618	-1
176	-2.618	-1
177	-2.618	-1
178	-2.618	-1
179	-2.618	-1
180	-2.618	-1
181	-2.618	-1
182	-2.618	-1
183	-2.618	-1
184	-2.618	-1
185	-2.618	-1
186	-2.618	-1
187	-2.618	-1
188	-2.618	-1
189	-2.618	-1
190	-2.618	-1
191	-2.618	-1
192	-2.618	-1
193	-2.618	-1
194	-2.618	-1
195	-2.618	-1
196	-2.618	-1
197	-2.618	-1
198	-2.618	-1
199	-2.618	-1
200	-2.618	-1
yes
