0	1.8	0.63475
1	1.7926	0.62932
2	1.7853	0.62398
3	1.778	0.61872
4	1.7708	0.61354
5	1.7637	0.60845
6	1.7566	0.60344
7	1.7495	0.5985
8	1.7425	0.59364
9	1.7356	0.58886
10	1.7287	0.58415
11	1.7219	0.57951
12	1.7151	0.57494
13	1.7084	0.57043
14	1.7017	0.566
15	1.6951	0.56163
16	1.6885	0.55732
17	1.682	0.55308
18	1.6755	0.54889
19	1.6691	0.54477
20	1.6627	0.5407
21	1.6564	0.53669
22	1.6501	0.53274
23	1.6438	0.52884
24	1.6376	0.525
25	1.6314	0.52121
26	1.6253	0.51747
27	1.6192	0.51378
28	1.6132	0.51013
29	1.6072	0.50654
30	1.6012	0.503
31	1.5953	0.4995
32	1.5894	0.49604
33	1.5836	0.49264
34	1.5778	0.48927
35	1.572	0.48595
36	1.5662	0.48267
37	1.5605	0.47943
38	1.5549	0.47623
39	1.5493	0.47307
40	1.5437	0.46995
41	1.5381	0.46687
42	1.5326	0.46382
43	1.5271	0.46082
44	1.5216	0.45784
45	1.5162	0.45491
46	1.5108	0.45201
47	1.5054	0.44914
48	1.5001	0.4463
49	1.4948	0.4435
50	1.4895	0.44073
51	1.4843	0.438
52	1.4791	0.43529
53	1.4739	0.43261
54	1.4688	0.42997
55	1.4636	0.42735
56	1.4585	0.42476
57	1.4535	0.4222
58	1.4484	0.41967
59	1.4434	0.41717
60	1.4384	0.41469
61	1.4335	0.41224
62	1.4286	0.40982
63	1.4236	0.40742
64	1.4188	0.40505
65	1.4139	0.4027
66	1.4091	0.40038
67	1.4043	0.39808
68	1.3995	0.3958
69	1.3948	0.39355
70	1.39	0.39132
71	1.3853	0.38911
72	1.3806	0.38692
73	1.376	0.38476
74	1.3714	0.38262
75	1.3667	0.38049
76	1.3622	0.37839
77	1.3576	0.37631
78	1.353	0.37425
79	1.3485	0.37221
80	1.344	0.37019
81	1.3395	0.36819
82	1.3351	0.36621
83	1.3306	0.36424
84	1.3262	0.36229
85	1.3218	0.36037
86	1.3174	0.35845
87	1.3131	0.35656
88	1.3088	0.35468
89	1.3044	0.35283
90	1.3001	0.35098
91	1.2959	0.34916
92	1.2916	0.34735
93	1.2874	0.34555
94	1.2831	0.34377
95	1.2789	0.34201
96	1.2748	0.34026
97	1.2706	0.33853
98	1.2664	0.33681
99	1.2623	0.33511
100	1.2582	0.33342
101	1.2541	0.33175
102	1.25	0.33008
103	1.246	0.32844
104	1.2419	0.3268
105	1.2379	0.32518
106	1.2339	0.32358
107	1.2299	0.32198
108	1.2259	0.3204
109	1.2219	0.31883
110	1.218	0.31728
111	1.214	0.31573
112	1.2101	0.3142
113	1.2062	0.31268
114	1.2023	0.31118
115	1.1985	0.30968
116	1.1946	0.3082
117	1.1908	0.30672
118	1.1869	0.30526
119	1.1831	0.30381
120	1.1793	0.30237
121	1.1755	0.30094
122	1.1718	0.29952
123	1.168	0.29811
124	1.1643	0.29672
125	1.1606	0.29533
126	1.1568	0.29395
127	1.1531	0.29258
128	1.1494	0.29123
129	1.1458	0.28988
130	1.1421	0.28854
131	1.1385	0.28721
132	1.1348	0.28589
133	1.1312	0.28458
134	1.1276	0.28328
135	1.124	0.28199
136	1.1204	0.2807
137	1.1168	0.27943
138	1.1133	0.27816
139	1.1097	0.27691
140	1.1062	0.27566
141	1.1027	0.27442
142	1.0991	0.27318
143	1.0956	0.27196
144	1.0922	0.27074
145	1.0887	0.26954
146	1.0852	0.26833
147	1.0818	0.26714
148	1.0783	0.26596
149	1.0749	0.26478
150	1.0715	0.26361
151	1.068	0.26245
152	1.0646	0.26129
153	1.0612	0.26014
154	1.0579	0.259
155	1.0545	0.25787
156	1.0511	0.25674
157	1.0478	0.25562
158	1.0444	0.25451
159	1.0411	0.2534
160	1.0378	0.2523
161	1.0345	0.25121
162	1.0312	0.25012
163	1.0279	0.24904
164	1.0246	0.24796
165	1.0213	0.2469
166	1.0181	0.24583
167	1.0148	0.24478
168	1.0116	0.24373
169	1.0084	0.24269
170	1.0051	0.24165
171	1.0019	0.24062
172	0.99872	0.23959
173	0.99552	0.23857
174	0.99233	0.23755
175	0.98916	0.23655
176	0.98599	0.23554
177	0.98282	0.23454
178	0.97967	0.23355
179	0.97653	0.23256
180	0.97339	0.23158
181	0.97026	0.23061
182	0.96715	0.22963
183	0.96404	0.22867
184	0.96093	0.22771
185	0.95784	0.22675
186	0.95475	0.2258
187	0.95167	0.22485
188	0.9486	0.22391
189	0.94554	0.22298
190	0.94249	0.22204
191	0.93944	0.22112
192	0.9364	0.22019
193	0.93337	0.21928
194	0.93035	0.21836
195	0.92733	0.21745
196	0.92432	0.21655
197	0.92132	0.21565
198	0.91833	0.21476
199	0.91534	0.21386
200	0.91236	0.21298
no
