0	-1.8	51975
1	1525.2	9.1481e+21
2	-3.6006e+17	1.5886e+108
3	-3.6006e+17	1.5886e+108
4	-3.6006e+17	1.5886e+108
5	-3.6006e+17	1.5886e+108
6	-3.6006e+17	1.5886e+108
7	-3.6006e+17	1.5886e+108
8	-3.6006e+17	1.5886e+108
9	-3.6006e+17	1.5886e+108
10	-3.6006e+17	1.5886e+108
11	-3.6006e+17	1.5886e+108
12	-3.6006e+17	1.5886e+108
13	-3.6006e+17	1.5886e+108
14	-3.6006e+17	1.5886e+108
15	-3.6006e+17	1.5886e+108
16	-3.6006e+17	1.5886e+108
17	-3.6006e+17	1.5886e+108
18	-3.6006e+17	1.5886e+108
19	-3.6006e+17	1.5886e+108
20	-3.6006e+17	1.5886e+108
21	-3.6006e+17	1.5886e+108
22	-3.6006e+17	1.5886e+108
23	-3.6006e+17	1.5886e+108
24	-3.6006e+17	1.5886e+108
25	-3.6006e+17	1.5886e+108
26	-3.6006e+17	1.5886e+108
27	-3.6006e+17	1.5886e+108
28	-3.6006e+17	1.5886e+108
29	-3.6006e+17	1.5886e+108
30	-3.6006e+17	1.5886e+108
31	-3.6006e+17	1.5886e+108
32	-3.6006e+17	1.5886e+108
33	-3.6006e+17	1.5886e+108
34	-3.6006e+17	1.5886e+108
35	-3.6006e+17	1.5886e+108
36	-3.6006e+17	1.5886e+108
37	-3.6006e+17	1.5886e+108
38	-3.6006e+17	1.5886e+108
39	-3.6006e+17	1.5886e+108
40	-3.6006e+17	1.5886e+108
41	-3.6006e+17	1.5886e+108
42	-3.6006e+17	1.5886e+108
43	-3.6006e+17	1.5886e+108
44	-3.6006e+17	1.5886e+108
45	-3.6006e+17	1.5886e+108
46	-3.6006e+17	1.5886e+108
47	-3.6006e+17	1.5886e+108
48	-3.6006e+17	1.5886e+108
49	-3.6006e+17	1.5886e+108
50	-3.6006e+17	1.5886e+108
51	-3.6006e+17	1.5886e+108
52	-3.6006e+17	1.5886e+108
53	-3.6006e+17	1.5886e+108
54	-3.6006e+17	1.5886e+108
55	-3.6006e+17	1.5886e+108
56	-3.6006e+17	1.5886e+108
57	-3.6006e+17	1.5886e+108
58	-3.6006e+17	1.5886e+108
59	-3.6006e+17	1.5886e+108
60	-3.6006e+17	1.5886e+108
61	-3.6006e+17	1.5886e+108
62	-3.6006e+17	1.5886e+108
63	-3.6006e+17	1.5886e+108
64	-3.6006e+17	1.5886e+108
65	-3.6006e+17	1.5886e+108
66	-3.6006e+17	1.5886e+108
67	-3.6006e+17	1.5886e+108
68	-3.6006e+17	1.5886e+108
69	-3.6006e+17	1.5886e+108
70	-3.6006e+17	1.5886e+108
71	-3.6006e+17	1.5886e+108
72	-3.6006e+17	1.5886e+108
73	-3.6006e+17	1.5886e+108
74	-3.6006e+17	1.5886e+108
75	-3.6006e+17	1.5886e+108
76	-3.6006e+17	1.5886e+108
77	-3.6006e+17	1.5886e+108
78	-3.6006e+17	1.5886e+108
79	-3.6006e+17	1.5886e+108
80	-3.6006e+17	1.5886e+108
81	-3.6006e+17	1.5886e+108
82	-3.6006e+17	1.5886e+108
83	-3.6006e+17	1.5886e+108
84	-3.6006e+17	1.5886e+108
85	-3.6006e+17	1.5886e+108
86	-3.6006e+17	1.5886e+108
87	-3.6006e+17	1.5886e+108
88	-3.6006e+17	1.5886e+108
89	-3.6006e+17	1.5886e+108
90	-3.6006e+17	1.5886e+108
91	-3.6006e+17	1.5886e+108
92	-3.6006e+17	1.5886e+108
93	-3.6006e+17	1.5886e+108
94	-3.6006e+17	1.5886e+108
95	-3.6006e+17	1.5886e+108
96	-3.6006e+17	1.5886e+108
97	-3.6006e+17	1.5886e+108
98	-3.6006e+17	1.5886e+108
99	-3.6006e+17	1.5886e+108
100	-3.6006e+17	1.5886e+108
101	-3.6006e+17	1.5886e+108
102	-3.6006e+17	1.5886e+108
103	-3.6006e+17	1.5886e+108
104	-3.6006e+17	1.5886e+108
105	-3.6006e+17	1.5886e+108
106	-3.6006e+17	1.5886e+108
107	-3.6006e+17	1.5886e+108
108	-3.6006e+17	1.5886e+108
109	-3.6006e+17	1.5886e+108
110	-3.6006e+17	1.5886e+108
111	-3.6006e+17	1.5886e+108
112	-3.6006e+17	1.5886e+108
113	-3.6006e+17	1.5886e+108
114	-3.6006e+17	1.5886e+108
115	-3.6006e+17	1.5886e+108
116	-3.6006e+17	1.5886e+108
117	-3.6006e+17	1.5886e+108
118	-3.6006e+17	1.5886e+108
119	-3.6006e+17	1.5886e+108
120	-3.6006e+17	1.5886e+108
121	-3.6006e+17	1.5886e+108
122	-3.6006e+17	1.5886e+108
123	-3.6006e+17	1.5886e+108
124	-3.6006e+17	1.5886e+108
125	-3.6006e+17	1.5886e+108
126	-3.6006e+17	1.5886e+108
127	-3.6006e+17	1.5886e+108
128	-3.6006e+17	1.5886e+108
129	-3.6006e+17	1.5886e+108
130	-3.6006e+17	1.5886e+108
131	-3.6006e+17	1.5886e+108
132	-3.6006e+17	1.5886e+108
133	-3.6006e+17	1.5886e+108
134	-3.6006e+17	1.5886e+108
135	-3.6006e+17	1.5886e+108
136	-3.6006e+17	1.5886e+108
137	-3.6006e+17	1.5886e+108
138	-3.6006e+17	1.5886e+108
139	-3.6006e+17	1.5886e+108
140	-3.6006e+17	1.5886e+108
141	-3.6006e+17	1.5886e+108
142	-3.6006e+17	1.5886e+108
143	-3.6006e+17	1.5886e+108
144	-3.6006e+17	1.5886e+108
145	-3.6006e+17	1.5886e+108
146	-3.6006e+17	1.5886e+108
147	-3.6006e+17	1.5886e+108
148	-3.6006e+17	1.5886e+108
149	-3.6006e+17	1.5886e+108
150	-3.6006e+17	1.5886e+108
151	-3.6006e+17	1.5886e+108
152	-3.6006e+17	1.5886e+108
153	-3.6006e+17	1.5886e+108
154	-3.6006e+17	1.5886e+108
155	-3.6006e+17	1.5886e+108
156	-3.6006e+17	1.5886e+108
157	-3.6006e+17	1.5886e+108
158	-3.6006e+17	1.5886e+108
159	-3.6006e+17	1.5886e+108
160	-3.6006e+17	1.5886e+108
161	-3.6006e+17	1.5886e+108
162	-3.6006e+17	1.5886e+108
163	-3.6006e+17	1.5886e+108
164	-3.6006e+17	1.5886e+108
165	-3.6006e+17	1.5886e+108
166	-3.6006e+17	1.5886e+108
167	-3.6006e+17	1.5886e+108
168	-3.6006e+17	1.5886e+108
169	-3.6006e+17	1.5886e+108
170	-3.6006e+17	1.5886e+108
171	-3.6006e+17	1.5886e+108
172	-3.6006e+17	1.5886e+108
173	-3.6006e+17	1.5886e+108
174	-3.6006e+17	1.5886e+108
175	-3.6006e+17	1.5886e+108
176	-3.6006e+17	1.5886e+108
177	-3.6006e+17	1.5886e+108
178	-3.6006e+17	1.5886e+108
179	-3.6006e+17	1.5886e+108
180	-3.6006e+17	1.5886e+108
181	-3.6006e+17	1.5886e+108
182	-3.6006e+17	1.5886e+108
183	-3.6006e+17	1.5886e+108
184	-3.6006e+17	1.5886e+108
185	-3.6006e+17	1.5886e+108
186	-3.6006e+17	1.5886e+108
187	-3.6006e+17	1.5886e+108
188	-3.6006e+17	1.5886e+108
189	-3.6006e+17	1.5886e+108
190	-3.6006e+17	1.5886e+108
191	-3.6006e+17	1.5886e+108
192	-3.6006e+17	1.5886e+108
193	-3.6006e+17	1.5886e+108
194	-3.6006e+17	1.5886e+108
195	-3.6006e+17	1.5886e+108
196	-3.6006e+17	1.5886e+108
197	-3.6006e+17	1.5886e+108
198	-3.6006e+17	1.5886e+108
199	-3.6006e+17	1.5886e+108
200	-3.6006e+17	1.5886e+108
yes-but-diverge
