0	0.77	1
1	0.76998	1
2	0.76996	1
3	0.76995	1
4	0.76993	1
5	0.76991	1
6	0.76989	1
7	0.76988	1
8	0.76986	1
9	0.76984	1
10	0.76983	1
11	0.76981	1
12	0.7698	1
13	0.76978	1
14	0.76976	1
15	0.76975	1
16	0.76973	1
17	0.76972	1
18	0.7697	1
19	0.76969	1
20	0.76967	1
21	0.76966	1
22	0.76964	1
23	0.76963	1
24	0.76962	1
25	0.7696	1
26	0.76959	1
27	0.76957	1
28	0.76956	1
29	0.76955	1
30	0.76953	1
31	0.76952	1
32	0.76951	1
33	0.76949	1
34	0.76948	1
35	0.76947	1
36	0.76946	1
37	0.76944	1
38	0.76943	1
39	0.76942	1
40	0.76941	1
41	0.76939	1
42	0.76938	1
43	0.76937	1
44	0.76936	1
45	0.76935	1
46	0.76933	1
47	0.76932	1
48	0.76931	1
49	0.7693	1
50	0.76929	1
51	0.76928	1
52	0.76927	1
53	0.76926	1
54	0.76924	1
55	0.76923	1
56	0.76922	1
57	0.76921	1
58	0.7692	1
59	0.76919	1
60	0.76918	1
61	0.76917	1
62	0.76916	1
63	0.76915	1
64	0.76914	1
65	0.76913	1
66	0.76912	1
67	0.76911	1
68	0.7691	1
69	0.76909	1
70	0.76908	1
71	0.76907	1
72	0.76906	1
73	0.76905	1
74	0.76905	1
75	0.76904	1
76	0.76903	1
77	0.76902	1
78	0.76901	1
79	0.769	1
80	0.76899	1
81	0.76898	1
82	0.76897	1
83	0.76897	1
84	0.76896	1
85	0.76895	1
86	0.76894	1
87	0.76893	1
88	0.76892	1
89	0.76891	1
90	0.76891	1
91	0.7689	1
92	0.76889	1
93	0.76888	1
94	0.76887	1
95	0.76887	1
96	0.76886	1
97	0.76885	1
98	0.76884	1
99	0.76884	1
100	0.76883	1
101	0.76882	1
102	0.76881	1
103	0.76881	1
104	0.7688	1
105	0.76879	1
106	0.76878	1
107	0.76878	1
108	0.76877	1
109	0.76876	1
110	0.76875	1
111	0.76875	1
112	0.76874	1
113	0.76873	1
114	0.76873	1
115	0.76872	1
116	0.76871	1
117	0.76871	1
118	0.7687	1
119	0.76869	1
120	0.76869	1
121	0.76868	1
122	0.76867	1
123	0.76867	1
124	0.76866	1
125	0.76865	1
126	0.76865	1
127	0.76864	1
128	0.76863	1
129	0.76863	1
130	0.76862	1
131	0.76862	1
132	0.76861	1
133	0.7686	1
134	0.7686	1
135	0.76859	1
136	0.76859	1
137	0.76858	1
138	0.76857	1
139	0.76857	1
140	0.76856	1
141	0.76856	1
142	0.76855	1
143	0.76854	1
144	0.76854	1
145	0.76853	1
146	0.76853	1
147	0.76852	1
148	0.76852	1
149	0.76851	1
150	0.76851	1
151	0.7685	1
152	0.76849	1
153	0.76849	1
154	0.76848	1
155	0.76848	1
156	0.76847	1
157	0.76847	1
158	0.76846	1
159	0.76846	1
160	0.76845	1
161	0.76845	1
162	0.76844	1
163	0.76844	1
164	0.76843	1
165	0.76843	1
166	0.76842	1
167	0.76842	1
168	0.76841	1
169	0.76841	1
170	0.7684	1
171	0.7684	1
172	0.76839	1
173	0.76839	1
174	0.76838	1
175	0.76838	1
176	0.76837	1
177	0.76837	1
178	0.76836	1
179	0.76836	1
180	0.76835	1
181	0.76835	1
182	0.76834	1
183	0.76834	1
184	0.76834	1
185	0.76833	1
186	0.76833	1
187	0.76832	1
188	0.76832	1
189	0.76831	1
190	0.76831	1
191	0.7683	1
192	0.7683	1
193	0.7683	1
194	0.76829	1
195	0.76829	1
196	0.76828	1
197	0.76828	1
198	0.76827	1
199	0.76827	1
200	0.76827	1
yes
