0	0.05	1.3604
1	0.11351	1.0951
2	0.13785	1.0476
3	0.15297	1.0282
4	0.16358	1.0184
5	0.17153	1.0128
6	0.17776	1.0093
7	0.18279	1.007
8	0.18694	1.0054
9	0.19044	1.0043
10	0.19342	1.0034
11	0.19601	1.0028
12	0.19827	1.0023
13	0.20026	1.002
14	0.20204	1.0017
15	0.20362	1.0014
16	0.20505	1.0012
17	0.20635	1.0011
18	0.20753	1.0009
19	0.20861	1.0008
20	0.2096	1.0007
21	0.21051	1.0006
22	0.21136	1.0006
23	0.21214	1.0005
24	0.21287	1.0005
25	0.21355	1.0004
26	0.21418	1.0004
27	0.21478	1.0003
28	0.21533	1.0003
29	0.21586	1.0003
30	0.21635	1.0003
31	0.21682	1.0002
32	0.21726	1.0002
33	0.21768	1.0002
34	0.21808	1.0002
35	0.21845	1.0002
36	0.21881	1.0002
37	0.21915	1.0002
38	0.21948	1.0001
39	0.21979	1.0001
40	0.22009	1.0001
41	0.22037	1.0001
42	0.22064	1.0001
43	0.22091	1.0001
44	0.22116	1.0001
45	0.2214	1.0001
46	0.22163	1.0001
47	0.22185	1.0001
48	0.22206	1.0001
49	0.22227	1.0001
50	0.22247	1.0001
51	0.22266	1.0001
52	0.22284	1.0001
53	0.22302	1.0001
54	0.22319	1.0001
55	0.22336	1.0001
56	0.22352	1.0001
57	0.22368	1
58	0.22383	1
59	0.22397	1
60	0.22412	1
61	0.22425	1
62	0.22439	1
63	0.22452	1
64	0.22464	1
65	0.22477	1
66	0.22488	1
67	0.225	1
68	0.22511	1
69	0.22522	1
70	0.22533	1
71	0.22543	1
72	0.22553	1
73	0.22563	1
74	0.22573	1
75	0.22582	1
76	0.22591	1
77	0.226	1
78	0.22609	1
79	0.22617	1
80	0.22626	1
81	0.22634	1
82	0.22642	1
83	0.2265	1
84	0.22657	1
85	0.22665	1
86	0.22672	1
87	0.22679	1
88	0.22686	1
89	0.22693	1
90	0.22699	1
91	0.22706	1
92	0.22712	1
93	0.22718	1
94	0.22725	1
95	0.22731	1
96	0.22736	1
97	0.22742	1
98	0.22748	1
99	0.22753	1
100	0.22759	1
101	0.22764	1
102	0.22769	1
103	0.22775	1
104	0.2278	1
105	0.22785	1
106	0.22789	1
107	0.22794	1
108	0.22799	1
109	0.22804	1
110	0.22808	1
111	0.22813	1
112	0.22817	1
113	0.22821	1
114	0.22826	1
115	0.2283	1
116	0.22834	1
117	0.22838	1
118	0.22842	1
119	0.22846	1
120	0.2285	1
121	0.22853	1
122	0.22857	1
123	0.22861	1
124	0.22864	1
125	0.22868	1
126	0.22872	1
127	0.22875	1
128	0.22878	1
129	0.22882	1
130	0.22885	1
131	0.22888	1
132	0.22892	1
133	0.22895	1
134	0.22898	1
135	0.22901	1
136	0.22904	1
137	0.22907	1
138	0.2291	1
139	0.22913	1
140	0.22916	1
141	0.22918	1
142	0.22921	1
143	0.22924	1
144	0.22927	1
145	0.22929	1
146	0.22932	1
147	0.22935	1
148	0.22937	1
149	0.2294	1
150	0.22942	1
151	0.22945	1
152	0.22947	1
153	0.2295	1
154	0.22952	1
155	0.22954	1
156	0.22957	1
157	0.22959	1
158	0.22961	1
159	0.22963	1
160	0.22966	1
161	0.22968	1
162	0.2297	1
163	0.22972	1
164	0.22974	1
165	0.22976	1
166	0.22978	1
167	0.2298	1
168	0.22982	1
169	0.22984	1
170	0.22986	1
171	0.22988	1
172	0.2299	1
173	0.22992	1
174	0.22994	1
175	0.22996	1
176	0.22998	1
177	0.23	1
178	0.23001	1
179	0.23003	1
180	0.23005	1
181	0.23007	1
182	0.23008	1
183	0.2301	1
184	0.23012	1
185	0.23014	1
186	0.23015	1
187	0.23017	1
188	0.23018	1
189	0.2302	1
190	0.23022	1
191	0.23023	1
192	0.23025	1
193	0.23026	1
194	0.23028	1
195	0.23029	1
196	0.23031	1
197	0.23032	1
198	0.23034	1
199	0.23035	1
200	0.23037	1
yes
