0	0.3	0.98406
1	0.30714	0.9784
2	0.31587	0.96987
3	0.32674	0.95648
4	0.34056	0.93453
5	0.35857	0.89674
6	0.38263	0.82836
7	0.4155	0.70021
8	0.46048	0.51786
9	0.48345	0.48303
10	0.49174	0.47795
11	0.49577	0.47672
12	0.49782	0.4764
13	0.49888	0.47632
14	0.49942	0.4763
15	0.4997	0.47629
16	0.49985	0.47629
17	0.49992	0.47629
18	0.49996	0.47629
19	0.49998	0.47629
20	0.49999	0.47629
21	0.49999	0.47629
22	0.5	0.47629
23	0.5	0.47629
24	0.5	0.47629
25	0.5	0.47629
26	0.5	0.47629
27	0.5	0.47629
28	0.5	0.47629
29	0.5	0.47629
30	0.5	0.47629
31	0.5	0.47629
32	0.5	0.47629
33	0.5	0.47629
34	0.5	0.47629
35	0.5	0.47629
36	0.5	0.47629
37	0.5	0.47629
38	0.5	0.47629
39	0.5	0.47629
40	0.5	0.47629
41	0.5	0.47629
42	0.5	0.47629
43	0.5	0.47629
44	0.5	0.47629
45	0.5	0.47629
46	0.5	0.47629
47	0.5	0.47629
48	0.5	0.47629
49	0.5	0.47629
50	0.5	0.47629
51	0.5	0.47629
52	0.5	0.47629
53	0.5	0.47629
54	0.5	0.47629
55	0.5	0.47629
56	0.5	0.47629
57	0.5	0.47629
58	0.5	0.47629
59	0.5	0.47629
60	0.5	0.47629
61	0.5	0.47629
62	0.5	0.47629
63	0.5	0.47629
64	0.5	0.47629
65	0.5	0.47629
66	0.5	0.47629
67	0.5	0.47629
68	0.5	0.47629
69	0.5	0.47629
70	0.5	0.47629
71	0.5	0.47629
72	0.5	0.47629
73	0.5	0.47629
74	0.5	0.47629
75	0.5	0.47629
76	0.5	0.47629
77	0.5	0.47629
78	0.5	0.47629
79	0.5	0.47629
80	0.5	0.47629
81	0.5	0.47629
82	0.5	0.47629
83	0.5	0.47629
84	0.5	0.47629
85	0.5	0.47629
86	0.5	0.47629
87	0.5	0.47629
88	0.5	0.47629
89	0.5	0.47629
90	0.5	0.47629
91	0.5	0.47629
92	0.5	0.47629
93	0.5	0.47629
94	0.5	0.47629
95	0.5	0.47629
96	0.5	0.47629
97	0.5	0.47629
98	0.5	0.47629
99	0.5	0.47629
100	0.5	0.47629
101	0.5	0.47629
102	0.5	0.47629
103	0.5	0.47629
104	0.5	0.47629
105	0.5	0.47629
106	0.5	0.47629
107	0.5	0.47629
108	0.5	0.47629
109	0.5	0.47629
110	0.5	0.47629
111	0.5	0.47629
112	0.5	0.47629
113	0.5	0.47629
114	0.5	0.47629
115	0.5	0.47629
116	0.5	0.47629
117	0.5	0.47629
118	0.5	0.47629
119	0.5	0.47629
120	0.5	0.47629
121	0.5	0.47629
122	0.5	0.47629
123	0.5	0.47629
124	0.5	0.47629
125	0.5	0.47629
126	0.5	0.47629
127	0.5	0.47629
128	0.5	0.47629
129	0.5	0.47629
130	0.5	0.47629
131	0.5	0.47629
132	0.5	0.47629
133	0.5	0.47629
134	0.5	0.47629
135	0.5	0.47629
136	0.5	0.47629
137	0.5	0.47629
138	0.5	0.47629
139	0.5	0.47629
140	0.5	0.47629
141	0.5	0.47629
142	0.5	0.47629
143	0.5	0.47629
144	0.5	0.47629
145	0.5	0.47629
146	0.5	0.47629
147	0.5	0.47629
148	0.5	0.47629
149	0.5	0.47629
150	0.5	0.47629
151	0.5	0.47629
152	0.5	0.47629
153	0.5	0.47629
154	0.5	0.47629
155	0.5	0.47629
156	0.5	0.47629
157	0.5	0.47629
158	0.5	0.47629
159	0.5	0.47629
160	0.5	0.47629
161	0.5	0.47629
162	0.5	0.47629
163	0.5	0.47629
164	0.5	0.47629
165	0.5	0.47629
166	0.5	0.47629
167	0.5	0.47629
168	0.5	0.47629
169	0.5	0.47629
170	0.5	0.47629
171	0.5	0.47629
172	0.5	0.47629
173	0.5	0.47629
174	0.5	0.47629
175	0.5	0.47629
176	0.5	0.47629
177	0.5	0.47629
178	0.5	0.47629
179	0.5	0.47629
180	0.5	0.47629
181	0.5	0.47629
182	0.5	0.47629
183	0.5	0.47629
184	0.5	0.47629
185	0.5	0.47629
186	0.5	0.47629
187	0.5	0.47629
188	0.5	0.47629
189	0.5	0.47629
190	0.5	0.47629
191	0.5	0.47629
192	0.5	0.47629
193	0.5	0.47629
194	0.5	0.47629
195	0.5	0.47629
196	0.5	0.47629
197	0.5	0.47629
198	0.5	0.47629
199	0.5	0.47629
200	0.5	0.47629
yes
