0	0.76	0.99998
1	0.75993	0.99998
2	0.75985	0.99998
3	0.75978	0.99998
4	0.7597	0.99998
5	0.75962	0.99998
6	0.75954	0.99998
7	0.75946	0.99998
8	0.75938	0.99998
9	0.75929	0.99998
10	0.7592	0.99998
11	0.75911	0.99998
12	0.75902	0.99998
13	0.75893	0.99997
14	0.75883	0.99997
15	0.75873	0.99997
16	0.75863	0.99997
17	0.75852	0.99997
18	0.75841	0.99997
19	0.7583	0.99997
20	0.75819	0.99997
21	0.75807	0.99997
22	0.75796	0.99996
23	0.75783	0.99996
24	0.75771	0.99996
25	0.75758	0.99996
26	0.75744	0.99996
27	0.7573	0.99996
28	0.75716	0.99995
29	0.75702	0.99995
30	0.75686	0.99995
31	0.75671	0.99995
32	0.75655	0.99994
33	0.75638	0.99994
34	0.75621	0.99994
35	0.75603	0.99994
36	0.75585	0.99993
37	0.75566	0.99993
38	0.75547	0.99992
39	0.75526	0.99992
40	0.75505	0.99992
41	0.75483	0.99991
42	0.75461	0.99991
43	0.75437	0.9999
44	0.75413	0.99989
45	0.75387	0.99989
46	0.75361	0.99988
47	0.75333	0.99987
48	0.75304	0.99986
49	0.75274	0.99985
50	0.75243	0.99984
51	0.7521	0.99983
52	0.75175	0.99982
53	0.75139	0.99981
54	0.75102	0.99979
55	0.75062	0.99978
56	0.7502	0.99976
57	0.74976	0.99974
58	0.7493	0.99972
59	0.74881	0.99969
60	0.74829	0.99967
61	0.74775	0.99963
62	0.74717	0.9996
63	0.74655	0.99956
64	0.7459	0.99952
65	0.7452	0.99947
66	0.74445	0.99941
67	0.74365	0.99934
68	0.7428	0.99927
69	0.74187	0.99918
70	0.74088	0.99907
71	0.7398	0.99895
72	0.73863	0.99881
73	0.73736	0.99864
74	0.73597	0.99844
75	0.73444	0.99819
76	0.73276	0.9979
77	0.7309	0.99753
78	0.72883	0.99708
79	0.72652	0.99651
80	0.72391	0.99578
81	0.72095	0.99485
82	0.71758	0.99362
83	0.71369	0.99199
84	0.70916	0.98976
85	0.70383	0.98665
86	0.69747	0.98219
87	0.68979	0.97561
88	0.68033	0.96555
89	0.66846	0.94951
90	0.65324	0.92275
91	0.63322	0.87579
92	0.60622	0.78941
93	0.56917	0.62728
94	0.51913	0.48535
95	0.50944	0.47845
96	0.50482	0.47685
97	0.50248	0.47644
98	0.50128	0.47633
99	0.50066	0.4763
100	0.50034	0.47629
101	0.50018	0.47629
102	0.50009	0.47629
103	0.50005	0.47629
104	0.50002	0.47629
105	0.50001	0.47629
106	0.50001	0.47629
107	0.5	0.47629
108	0.5	0.47629
109	0.5	0.47629
110	0.5	0.47629
111	0.5	0.47629
112	0.5	0.47629
113	0.5	0.47629
114	0.5	0.47629
115	0.5	0.47629
116	0.5	0.47629
117	0.5	0.47629
118	0.5	0.47629
119	0.5	0.47629
120	0.5	0.47629
121	0.5	0.47629
122	0.5	0.47629
123	0.5	0.47629
124	0.5	0.47629
125	0.5	0.47629
126	0.5	0.47629
127	0.5	0.47629
128	0.5	0.47629
129	0.5	0.47629
130	0.5	0.47629
131	0.5	0.47629
132	0.5	0.47629
133	0.5	0.47629
134	0.5	0.47629
135	0.5	0.47629
136	0.5	0.47629
137	0.5	0.47629
138	0.5	0.47629
139	0.5	0.47629
140	0.5	0.47629
141	0.5	0.47629
142	0.5	0.47629
143	0.5	0.47629
144	0.5	0.47629
145	0.5	0.47629
146	0.5	0.47629
147	0.5	0.47629
148	0.5	0.47629
149	0.5	0.47629
150	0.5	0.47629
151	0.5	0.47629
152	0.5	0.47629
153	0.5	0.47629
154	0.5	0.47629
155	0.5	0.47629
156	0.5	0.47629
157	0.5	0.47629
158	0.5	0.47629
159	0.5	0.47629
160	0.5	0.47629
161	0.5	0.47629
162	0.5	0.47629
163	0.5	0.47629
164	0.5	0.47629
165	0.5	0.47629
166	0.5	0.47629
167	0.5	0.47629
168	0.5	0.47629
169	0.5	0.47629
170	0.5	0.47629
171	0.5	0.47629
172	0.5	0.47629
173	0.5	0.47629
174	0.5	0.47629
175	0.5	0.47629
176	0.5	0.47629
177	0.5	0.47629
178	0.5	0.47629
179	0.5	0.47629
180	0.5	0.47629
181	0.5	0.47629
182	0.5	0.47629
183	0.5	0.47629
184	0.5	0.47629
185	0.5	0.47629
186	0.5	0.47629
187	0.5	0.47629
188	0.5	0.47629
189	0.5	0.47629
190	0.5	0.47629
191	0.5	0.47629
192	0.5	0.47629
193	0.5	0.47629
194	0.5	0.47629
195	0.5	0.47629
196	0.5	0.47629
197	0.5	0.47629
198	0.5	0.47629
199	0.5	0.47629
200	0.5	0.47629
yes
