0	1	2	7
1	0.98	1.96	6.802
2	0.9604	1.9208	6.6118
3	0.94119	1.8824	6.4292
4	0.92237	1.8447	6.2538
5	0.90392	1.8078	6.0854
6	0.88584	1.7717	5.9236
7	0.86813	1.7363	5.7682
8	0.85076	1.7015	5.619
9	0.83375	1.6675	5.4757
10	0.81707	1.6341	5.338
11	0.80073	1.6015	5.2059
12	0.78472	1.5694	5.0789
13	0.76902	1.538	4.957
14	0.75364	1.5073	4.8399
15	0.73857	1.4771	4.7274
16	0.7238	1.4476	4.6194
17	0.70932	1.4186	4.5157
18	0.69514	1.3903	4.4161
19	0.68123	1.3625	4.3204
20	0.66761	1.3352	4.2285
21	0.65426	1.3085	4.1403
22	0.64117	1.2823	4.0555
23	0.62835	1.2567	3.9741
24	0.61578	1.2316	3.8959
25	0.60346	1.2069	3.8208
26	0.5914	1.1828	3.7487
27	0.57957	1.1591	3.6795
28	0.56798	1.136	3.613
29	0.55662	1.1132	3.5491
30	0.54548	1.091	3.4878
31	0.53457	1.0691	3.4289
32	0.52388	1.0478	3.3723
33	0.51341	1.0268	3.3179
34	0.50314	1.0063	3.2657
35	0.49307	0.98615	3.2156
36	0.48321	0.96643	3.1675
37	0.47355	0.9471	3.1212
38	0.46408	0.92816	3.0768
39	0.4548	0.90959	3.0342
40	0.4457	0.8914	2.9932
41	0.43679	0.87357	2.9539
42	0.42805	0.8561	2.9161
43	0.41949	0.83898	2.8799
44	0.4111	0.8222	2.845
45	0.40288	0.80576	2.8116
46	0.39482	0.78964	2.7794
47	0.38692	0.77385	2.7486
48	0.37919	0.75837	2.7189
49	0.3716	0.7432	2.6904
50	0.36417	0.72834	2.6631
51	0.35689	0.71377	2.6368
52	0.34975	0.6995	2.6116
53	0.34275	0.68551	2.5874
54	0.3359	0.6718	2.5641
55	0.32918	0.65836	2.5418
56	0.3226	0.64519	2.5203
57	0.31614	0.63229	2.4997
58	0.30982	0.61964	2.4799
59	0.30363	0.60725	2.4609
60	0.29755	0.59511	2.4427
61	0.2916	0.5832	2.4252
62	0.28577	0.57154	2.4083
63	0.28005	0.56011	2.3922
64	0.27445	0.54891	2.3766
65	0.26896	0.53793	2.3617
66	0.26359	0.52717	2.3474
67	0.25831	0.51663	2.3336
68	0.25315	0.50629	2.3204
69	0.24808	0.49617	2.3077
70	0.24312	0.48625	2.2955
71	0.23826	0.47652	2.2838
72	0.23349	0.46699	2.2726
73	0.22883	0.45765	2.2618
74	0.22425	0.4485	2.2514
75	0.21976	0.43953	2.2415
76	0.21537	0.43074	2.2319
77	0.21106	0.42212	2.2227
78	0.20684	0.41368	2.2139
79	0.2027	0.40541	2.2054
80	0.19865	0.3973	2.1973
81	0.19468	0.38935	2.1895
82	0.19078	0.38156	2.182
83	0.18697	0.37393	2.1748
84	0.18323	0.36645	2.1679
85	0.17956	0.35913	2.1612
86	0.17597	0.35194	2.1548
87	0.17245	0.3449	2.1487
88	0.169	0.33801	2.1428
89	0.16562	0.33125	2.1372
90	0.16231	0.32462	2.1317
91	0.15906	0.31813	2.1265
92	0.15588	0.31177	2.1215
93	0.15277	0.30553	2.1167
94	0.14971	0.29942	2.1121
95	0.14672	0.29343	2.1076
96	0.14378	0.28756	2.1034
97	0.14091	0.28181	2.0993
98	0.13809	0.27618	2.0953
99	0.13533	0.27065	2.0916
100	0.13262	0.26524	2.0879
101	0.12997	0.25993	2.0845
102	0.12737	0.25474	2.0811
103	0.12482	0.24964	2.0779
104	0.12232	0.24465	2.0748
105	0.11988	0.23976	2.0719
106	0.11748	0.23496	2.069
107	0.11513	0.23026	2.0663
108	0.11283	0.22566	2.0637
109	0.11057	0.22114	2.0611
110	0.10836	0.21672	2.0587
111	0.10619	0.21239	2.0564
112	0.10407	0.20814	2.0542
113	0.10199	0.20397	2.052
114	0.099948	0.1999	2.0499
115	0.097949	0.1959	2.048
116	0.09599	0.19198	2.0461
117	0.09407	0.18814	2.0442
118	0.092189	0.18438	2.0425
119	0.090345	0.18069	2.0408
120	0.088538	0.17708	2.0392
121	0.086767	0.17353	2.0376
122	0.085032	0.17006	2.0362
123	0.083331	0.16666	2.0347
124	0.081665	0.16333	2.0333
125	0.080031	0.16006	2.032
126	0.078431	0.15686	2.0308
127	0.076862	0.15372	2.0295
128	0.075325	0.15065	2.0284
129	0.073818	0.14764	2.0272
130	0.072342	0.14468	2.0262
131	0.070895	0.14179	2.0251
132	0.069477	0.13895	2.0241
133	0.068088	0.13618	2.0232
134	0.066726	0.13345	2.0223
135	0.065391	0.13078	2.0214
136	0.064084	0.12817	2.0205
137	0.062802	0.1256	2.0197
138	0.061546	0.12309	2.0189
139	0.060315	0.12063	2.0182
140	0.059109	0.11822	2.0175
141	0.057926	0.11585	2.0168
142	0.056768	0.11354	2.0161
143	0.055633	0.11127	2.0155
144	0.05452	0.10904	2.0149
145	0.053429	0.10686	2.0143
146	0.052361	0.10472	2.0137
147	0.051314	0.10263	2.0132
148	0.050287	0.10057	2.0126
149	0.049282	0.098563	2.0121
150	0.048296	0.096592	2.0117
151	0.04733	0.09466	2.0112
152	0.046383	0.092767	2.0108
153	0.045456	0.090912	2.0103
154	0.044547	0.089093	2.0099
155	0.043656	0.087312	2.0095
156	0.042783	0.085565	2.0092
157	0.041927	0.083854	2.0088
158	0.041088	0.082177	2.0084
159	0.040267	0.080533	2.0081
160	0.039461	0.078923	2.0078
161	0.038672	0.077344	2.0075
162	0.037899	0.075797	2.0072
163	0.037141	0.074281	2.0069
164	0.036398	0.072796	2.0066
165	0.03567	0.07134	2.0064
166	0.034957	0.069913	2.0061
167	0.034257	0.068515	2.0059
168	0.033572	0.067145	2.0056
169	0.032901	0.065802	2.0054
170	0.032243	0.064486	2.0052
171	0.031598	0.063196	2.005
172	0.030966	0.061932	2.0048
173	0.030347	0.060693	2.0046
174	0.02974	0.059479	2.0044
175	0.029145	0.05829	2.0042
176	0.028562	0.057124	2.0041
177	0.027991	0.055982	2.0039
178	0.027431	0.054862	2.0038
179	0.026882	0.053765	2.0036
180	0.026345	0.052689	2.0035
181	0.025818	0.051636	2.0033
182	0.025301	0.050603	2.0032
183	0.024795	0.049591	2.0031
184	0.0243	0.048599	2.003
185	0.023814	0.047627	2.0028
186	0.023337	0.046675	2.0027
187	0.022871	0.045741	2.0026
188	0.022413	0.044826	2.0025
189	0.021965	0.04393	2.0024
190	0.021526	0.043051	2.0023
191	0.021095	0.04219	2.0022
192	0.020673	0.041346	2.0021
193	0.02026	0.040519	2.0021
194	0.019854	0.039709	2.002
195	0.019457	0.038915	2.0019
196	0.019068	0.038136	2.0018
197	0.018687	0.037374	2.0017
198	0.018313	0.036626	2.0017
199	0.017947	0.035894	2.0016
200	0.017588	0.035176	2.0015
yes
