0	1	2	97
1	0.98	1.04	26.919
2	0.9604	0.5408	7.9415
3	0.94119	0.28122	2.7838
4	0.92237	0.14623	1.364
5	0.90392	0.076041	0.95585
6	0.88584	0.039541	0.82224
7	0.86813	0.020561	0.76379
8	0.85076	0.010692	0.72654
9	0.83375	0.0055598	0.69588
10	0.81707	0.0028911	0.66781
11	0.80073	0.0015034	0.64122
12	0.78472	0.00078175	0.6158
13	0.76902	0.00040651	0.5914
14	0.75364	0.00021139	0.56798
15	0.73857	0.00010992	0.54548
16	0.7238	5.7159e-05	0.52388
17	0.70932	2.9723e-05	0.50314
18	0.69514	1.5456e-05	0.48321
19	0.68123	8.037e-06	0.46408
20	0.66761	4.1792e-06	0.4457
21	0.65426	2.1732e-06	0.42805
22	0.64117	1.1301e-06	0.4111
23	0.62835	5.8763e-07	0.39482
24	0.61578	3.0557e-07	0.37919
25	0.60346	1.589e-07	0.36417
26	0.5914	8.2626e-08	0.34975
27	0.57957	4.2966e-08	0.3359
28	0.56798	2.2342e-08	0.3226
29	0.55662	1.1618e-08	0.30982
30	0.54548	6.0413e-09	0.29755
31	0.53457	3.1415e-09	0.28577
32	0.52388	1.6336e-09	0.27445
33	0.51341	8.4945e-10	0.26359
34	0.50314	4.4172e-10	0.25315
35	0.49307	2.2969e-10	0.24312
36	0.48321	1.1944e-10	0.23349
37	0.47355	6.2109e-11	0.22425
38	0.46408	3.2297e-11	0.21537
39	0.4548	1.6794e-11	0.20684
40	0.4457	8.733e-12	0.19865
41	0.43679	4.5412e-12	0.19078
42	0.42805	2.3614e-12	0.18323
43	0.41949	1.228e-12	0.17597
44	0.4111	6.3853e-13	0.169
45	0.40288	3.3204e-13	0.16231
46	0.39482	1.7266e-13	0.15588
47	0.38692	8.9787e-14	0.14971
48	0.37919	4.6693e-14	0.14378
49	0.3716	2.4277e-14	0.13809
50	0.36417	1.2624e-14	0.13262
51	0.35689	6.5665e-15	0.12737
52	0.34975	3.4401e-15	0.12232
53	0.34275	1.7881e-15	0.11748
54	0.3359	9.3542e-16	0.11283
55	0.32918	4.8718e-16	0.10836
56	0.3226	2.5408e-16	0.10407
57	0.31614	1.3417e-16	0.099948
58	0.30982	1.3417e-16	0.09599
59	0.30363	1.3417e-16	0.092189
60	0.29755	1.3417e-16	0.088538
61	0.2916	1.3417e-16	0.085032
62	0.28577	1.3417e-16	0.081665
63	0.28005	1.3417e-16	0.078431
64	0.27445	1.3417e-16	0.075325
65	0.26896	1.3417e-16	0.072342
66	0.26359	1.3417e-16	0.069477
67	0.25831	1.3417e-16	0.066726
68	0.25315	1.3417e-16	0.064084
69	0.24808	1.3417e-16	0.061546
70	0.24312	6.3124e-17	0.059109
71	0.23826	6.3124e-17	0.056768
72	0.23349	6.3124e-17	0.05452
73	0.22883	6.3124e-17	0.052361
74	0.22425	6.3124e-17	0.050287
75	0.21976	6.3124e-17	0.048296
76	0.21537	6.3124e-17	0.046383
77	0.21106	6.3124e-17	0.044547
78	0.20684	6.3124e-17	0.042783
79	0.2027	6.3124e-17	0.041088
80	0.19865	6.3124e-17	0.039461
81	0.19468	3.2038e-17	0.037899
82	0.19078	3.2038e-17	0.036398
83	0.18697	3.2038e-17	0.034957
84	0.18323	3.2038e-17	0.033572
85	0.17956	3.2038e-17	0.032243
86	0.17597	3.2038e-17	0.030966
87	0.17245	3.2038e-17	0.02974
88	0.169	3.2038e-17	0.028562
89	0.16562	3.2038e-17	0.027431
90	0.16231	3.2038e-17	0.026345
91	0.15906	3.2038e-17	0.025301
92	0.15588	3.2038e-17	0.0243
93	0.15277	3.2038e-17	0.023337
94	0.14971	3.2038e-17	0.022413
95	0.14672	3.2038e-17	0.021526
96	0.14378	3.2038e-17	0.020673
97	0.14091	3.2038e-17	0.019854
98	0.13809	3.2038e-17	0.019068
99	0.13533	3.2038e-17	0.018313
100	0.13262	1.6495e-17	0.017588
101	0.12997	1.6495e-17	0.016891
102	0.12737	1.6495e-17	0.016223
103	0.12482	1.6495e-17	0.01558
104	0.12232	1.6495e-17	0.014963
105	0.11988	7.6129e-18	0.014371
106	0.11748	7.6129e-18	0.013802
107	0.11513	7.6129e-18	0.013255
108	0.11283	7.6129e-18	0.01273
109	0.11057	7.6129e-18	0.012226
110	0.10836	7.6129e-18	0.011742
111	0.10619	7.6129e-18	0.011277
112	0.10407	7.6129e-18	0.01083
113	0.10199	7.6129e-18	0.010401
114	0.099948	7.6129e-18	0.0099895
115	0.097949	7.6129e-18	0.0095939
116	0.09599	7.6129e-18	0.009214
117	0.09407	7.6129e-18	0.0088492
118	0.092189	7.6129e-18	0.0084987
119	0.090345	7.6129e-18	0.0081622
120	0.088538	7.6129e-18	0.007839
121	0.086767	7.6129e-18	0.0075285
122	0.085032	7.6129e-18	0.0072304
123	0.083331	7.6129e-18	0.0069441
124	0.081665	7.6129e-18	0.0066691
125	0.080031	7.6129e-18	0.006405
126	0.078431	7.6129e-18	0.0061514
127	0.076862	7.6129e-18	0.0059078
128	0.075325	7.6129e-18	0.0056738
129	0.073818	7.6129e-18	0.0054491
130	0.072342	7.6129e-18	0.0052333
131	0.070895	7.6129e-18	0.0050261
132	0.069477	7.6129e-18	0.0048271
133	0.068088	7.6129e-18	0.0046359
134	0.066726	7.6129e-18	0.0044523
135	0.065391	7.6129e-18	0.004276
136	0.064084	7.6129e-18	0.0041067
137	0.062802	7.6129e-18	0.0039441
138	0.061546	7.6129e-18	0.0037879
139	0.060315	3.1726e-18	0.0036379
140	0.059109	3.1726e-18	0.0034938
141	0.057926	3.1726e-18	0.0033555
142	0.056768	3.1726e-18	0.0032226
143	0.055633	3.1726e-18	0.003095
144	0.05452	3.1726e-18	0.0029724
145	0.053429	3.1726e-18	0.0028547
146	0.052361	3.1726e-18	0.0027417
147	0.051314	3.1726e-18	0.0026331
148	0.050287	3.1726e-18	0.0025288
149	0.049282	3.1726e-18	0.0024287
150	0.048296	3.1726e-18	0.0023325
151	0.04733	3.1726e-18	0.0022401
152	0.046383	3.1726e-18	0.0021514
153	0.045456	3.1726e-18	0.0020662
154	0.044547	3.1726e-18	0.0019844
155	0.043656	3.1726e-18	0.0019058
156	0.042783	3.1726e-18	0.0018304
157	0.041927	3.1726e-18	0.0017579
158	0.041088	3.1726e-18	0.0016883
159	0.040267	3.1726e-18	0.0016214
160	0.039461	3.1726e-18	0.0015572
161	0.038672	3.1726e-18	0.0014955
162	0.037899	3.1726e-18	0.0014363
163	0.037141	3.1726e-18	0.0013794
164	0.036398	3.1726e-18	0.0013248
165	0.03567	3.1726e-18	0.0012723
166	0.034957	3.1726e-18	0.001222
167	0.034257	3.1726e-18	0.0011736
168	0.033572	3.1726e-18	0.0011271
169	0.032901	3.1726e-18	0.0010825
170	0.032243	3.1726e-18	0.0010396
171	0.031598	3.1726e-18	0.00099843
172	0.030966	3.1726e-18	0.00095889
173	0.030347	3.1726e-18	0.00092092
174	0.02974	3.1726e-18	0.00088445
175	0.029145	3.1726e-18	0.00084943
176	0.028562	3.1726e-18	0.00081579
177	0.027991	3.1726e-18	0.00078349
178	0.027431	3.1726e-18	0.00075246
179	0.026882	3.1726e-18	0.00072266
180	0.026345	3.1726e-18	0.00069404
181	0.025818	3.1726e-18	0.00066656
182	0.025301	3.1726e-18	0.00064016
183	0.024795	3.1726e-18	0.00061481
184	0.0243	3.1726e-18	0.00059047
185	0.023814	3.1726e-18	0.00056708
186	0.023337	3.1726e-18	0.00054463
187	0.022871	3.1726e-18	0.00052306
188	0.022413	3.1726e-18	0.00050235
189	0.021965	3.1726e-18	0.00048245
190	0.021526	1.5079e-18	0.00046335
191	0.021095	1.5079e-18	0.000445
192	0.020673	1.5079e-18	0.00042738
193	0.02026	1.5079e-18	0.00041045
194	0.019854	1.5079e-18	0.0003942
195	0.019457	1.5079e-18	0.00037859
196	0.019068	1.5079e-18	0.0003636
197	0.018687	1.5079e-18	0.0003492
198	0.018313	1.5079e-18	0.00033537
199	0.017947	1.5079e-18	0.00032209
200	0.017588	1.5079e-18	0.00030934
yes
