0	1	2	481
1	0.98	-2.8	941.76
2	0.9604	3.92	1844.9
3	0.94119	-5.488	3615.1
4	0.92237	7.6832	7084.6
5	0.90392	-10.756	13885
6	0.88584	15.059	27214
7	0.86813	-21.083	53338
8	0.85076	29.516	1.0454e+05
9	0.83375	-41.322	2.049e+05
10	0.81707	57.851	4.0161e+05
11	0.80073	-80.991	7.8715e+05
12	0.78472	113.39	1.5428e+06
13	0.76902	-158.74	3.0239e+06
14	0.75364	222.24	5.9269e+06
15	0.73857	-311.14	1.1617e+07
16	0.7238	435.59	2.2769e+07
17	0.70932	-609.83	4.4627e+07
18	0.69514	853.76	8.7468e+07
19	0.68123	-1195.3	1.7144e+08
20	0.66761	1673.4	3.3602e+08
21	0.65426	-2342.7	6.586e+08
22	0.64117	3279.8	1.2908e+09
23	0.62835	-4591.7	2.5301e+09
24	0.61578	6428.4	4.9589e+09
25	0.60346	-8999.8	9.7195e+09
26	0.59139	12600	1.905e+10
27	0.57957	-17640	3.7338e+10
28	0.56797	24695	7.3183e+10
29	0.55662	-34573	1.4344e+11
30	0.54548	48403	2.8114e+11
31	0.53457	-67764	5.5104e+11
32	0.52388	94870	1.08e+12
33	0.5134	-1.3282e+05	2.1169e+12
34	0.5034	1.8594e+05	4.149e+12
35	0.4934	-2.6032e+05	8.1321e+12
36	0.4834	3.6445e+05	1.5939e+13
37	0.4734	-5.1023e+05	3.124e+13
38	0.46392	7.1432e+05	6.1231e+13
39	0.4552	-1.0001e+06	1.2001e+14
40	0.44618	1.4001e+06	2.3523e+14
41	0.44618	-1.9601e+06	4.6104e+14
42	0.44618	2.7441e+06	9.0364e+14
43	0.44618	-3.8418e+06	1.7711e+15
44	0.44618	5.3785e+06	3.4714e+15
45	0.44618	-7.5299e+06	6.804e+15
46	0.44618	1.0542e+07	1.3336e+16
47	0.44618	-1.4759e+07	2.6138e+16
48	0.44618	2.0662e+07	5.1231e+16
49	0.44618	-2.8927e+07	1.0041e+17
50	0.44618	4.0498e+07	1.9681e+17
51	0.44618	-5.6697e+07	3.8575e+17
52	0.44618	7.9376e+07	7.5606e+17
53	0.44618	-1.1113e+08	1.4819e+18
54	0.44618	1.5558e+08	2.9045e+18
55	0.44618	-2.1781e+08	5.6928e+18
56	0.44618	3.0493e+08	1.1158e+19
57	0.44618	-4.269e+08	2.1869e+19
58	0.44618	5.9766e+08	4.2864e+19
59	0.44618	-8.3673e+08	8.4014e+19
60	0.44618	1.1714e+09	1.6467e+20
61	0.44618	-1.64e+09	3.2275e+20
62	0.44618	2.296e+09	6.3258e+20
63	0.44618	-3.2144e+09	1.2399e+21
64	0.44618	4.5001e+09	2.4301e+21
65	0.44618	-6.3002e+09	4.7631e+21
66	0.44618	8.8202e+09	9.3356e+21
67	0.44618	-1.2348e+10	1.8298e+22
68	0.44618	1.7288e+10	3.5864e+22
69	0.44618	-2.4203e+10	7.0293e+22
70	0.44618	3.3884e+10	1.3777e+23
71	0.44618	-4.7437e+10	2.7004e+23
72	0.44618	6.6412e+10	5.2927e+23
73	0.44618	-9.2977e+10	1.0374e+24
74	0.44618	1.3017e+11	2.0332e+24
75	0.44618	-1.8223e+11	3.9851e+24
76	0.44618	2.5513e+11	7.8109e+24
77	0.44618	-3.5718e+11	1.5309e+25
78	0.44618	5.0006e+11	3.0007e+25
79	0.44618	-7.0008e+11	5.8813e+25
80	0.44618	9.801e+11	1.1527e+26
81	0.44618	-1.3721e+12	2.2593e+26
82	0.44618	1.921e+12	4.4281e+26
83	0.44618	-2.6893e+12	8.679e+26
84	0.44618	3.7654e+12	1.7013e+27
85	0.44618	-5.2716e+12	3.3347e+27
86	0.44618	7.3822e+12	6.5397e+27
87	0.44618	-1.0335e+13	1.2818e+28
88	0.44618	1.4474e+13	2.5141e+28
89	0.44618	-2.027e+13	4.9304e+28
90	0.44618	2.8347e+13	9.6427e+28
91	0.44618	-3.9668e+13	1.8882e+29
92	0.44618	5.5529e+13	3.7002e+29
93	0.44618	-7.7707e+13	7.2461e+29
94	0.44618	1.0886e+14	1.4221e+30
95	0.44618	-1.5236e+14	2.7855e+30
96	0.44618	2.1359e+14	5.4745e+30
97	0.44618	-2.9917e+14	1.074e+31
98	0.44618	4.1962e+14	2.113e+31
99	0.44618	-5.8663e+14	4.1296e+31
100	0.44618	8.2251e+14	8.1182e+31
101	0.44618	-1.1491e+15	1.5844e+32
102	0.44618	1.6083e+15	3.1041e+32
103	0.44618	-2.4396e+15	7.142e+32
104	0.44618	2.7675e+15	9.191e+32
105	0.44618	-4.0183e+15	1.9376e+33
106	0.44618	5.7309e+15	3.9412e+33
107	0.44618	5.7309e+15	3.9412e+33
108	0.44618	5.7309e+15	3.9412e+33
109	0.44618	5.7309e+15	3.9412e+33
110	0.44618	5.7309e+15	3.9412e+33
111	0.44618	5.7309e+15	3.9412e+33
112	0.44618	5.7309e+15	3.9412e+33
113	0.44618	5.7309e+15	3.9412e+33
114	0.44618	5.7309e+15	3.9412e+33
115	0.44618	5.7309e+15	3.9412e+33
116	0.44618	5.7309e+15	3.9412e+33
117	0.44618	5.7309e+15	3.9412e+33
118	0.44618	5.7309e+15	3.9412e+33
119	0.44618	5.7309e+15	3.9412e+33
120	0.44618	5.7309e+15	3.9412e+33
121	0.44618	5.7309e+15	3.9412e+33
122	0.44618	5.7309e+15	3.9412e+33
123	0.44618	5.7309e+15	3.9412e+33
124	0.44618	5.7309e+15	3.9412e+33
125	0.44618	5.7309e+15	3.9412e+33
126	0.44618	5.7309e+15	3.9412e+33
127	0.44618	5.7309e+15	3.9412e+33
128	0.44618	5.7309e+15	3.9412e+33
129	0.44618	5.7309e+15	3.9412e+33
130	0.44618	5.7309e+15	3.9412e+33
131	0.44618	5.7309e+15	3.9412e+33
132	0.44618	5.7309e+15	3.9412e+33
133	0.44618	5.7309e+15	3.9412e+33
134	0.44618	5.7309e+15	3.9412e+33
135	0.44618	5.7309e+15	3.9412e+33
136	0.44618	5.7309e+15	3.9412e+33
137	0.44618	5.7309e+15	3.9412e+33
138	0.44618	5.7309e+15	3.9412e+33
139	0.44618	5.7309e+15	3.9412e+33
140	0.44618	5.7309e+15	3.9412e+33
141	0.44618	5.7309e+15	3.9412e+33
142	0.44618	5.7309e+15	3.9412e+33
143	0.44618	5.7309e+15	3.9412e+33
144	0.44618	5.7309e+15	3.9412e+33
145	0.44618	5.7309e+15	3.9412e+33
146	0.44618	5.7309e+15	3.9412e+33
147	0.44618	5.7309e+15	3.9412e+33
148	0.44618	5.7309e+15	3.9412e+33
149	0.44618	5.7309e+15	3.9412e+33
150	0.44618	5.7309e+15	3.9412e+33
151	0.44618	5.7309e+15	3.9412e+33
152	0.44618	5.7309e+15	3.9412e+33
153	0.44618	5.7309e+15	3.9412e+33
154	0.44618	5.7309e+15	3.9412e+33
155	0.44618	5.7309e+15	3.9412e+33
156	0.44618	5.7309e+15	3.9412e+33
157	0.44618	5.7309e+15	3.9412e+33
158	0.44618	5.7309e+15	3.9412e+33
159	0.44618	5.7309e+15	3.9412e+33
160	0.44618	5.7309e+15	3.9412e+33
161	0.44618	5.7309e+15	3.9412e+33
162	0.44618	5.7309e+15	3.9412e+33
163	0.44618	5.7309e+15	3.9412e+33
164	0.44618	5.7309e+15	3.9412e+33
165	0.44618	5.7309e+15	3.9412e+33
166	0.44618	5.7309e+15	3.9412e+33
167	0.44618	5.7309e+15	3.9412e+33
168	0.44618	5.7309e+15	3.9412e+33
169	0.44618	5.7309e+15	3.9412e+33
170	0.44618	5.7309e+15	3.9412e+33
171	0.44618	5.7309e+15	3.9412e+33
172	0.44618	5.7309e+15	3.9412e+33
173	0.44618	5.7309e+15	3.9412e+33
174	0.44618	5.7309e+15	3.9412e+33
175	0.44618	5.7309e+15	3.9412e+33
176	0.44618	5.7309e+15	3.9412e+33
177	0.44618	5.7309e+15	3.9412e+33
178	0.44618	5.7309e+15	3.9412e+33
179	0.44618	5.7309e+15	3.9412e+33
180	0.44618	5.7309e+15	3.9412e+33
181	0.44618	5.7309e+15	3.9412e+33
182	0.44618	5.7309e+15	3.9412e+33
183	0.44618	5.7309e+15	3.9412e+33
184	0.44618	5.7309e+15	3.9412e+33
185	0.44618	5.7309e+15	3.9412e+33
186	0.44618	5.7309e+15	3.9412e+33
187	0.44618	5.7309e+15	3.9412e+33
188	0.44618	5.7309e+15	3.9412e+33
189	0.44618	5.7309e+15	3.9412e+33
190	0.44618	5.7309e+15	3.9412e+33
191	0.44618	5.7309e+15	3.9412e+33
192	0.44618	5.7309e+15	3.9412e+33
193	0.44618	5.7309e+15	3.9412e+33
194	0.44618	5.7309e+15	3.9412e+33
195	0.44618	5.7309e+15	3.9412e+33
196	0.44618	5.7309e+15	3.9412e+33
197	0.44618	5.7309e+15	3.9412e+33
198	0.44618	5.7309e+15	3.9412e+33
199	0.44618	5.7309e+15	3.9412e+33
200	0.44618	5.7309e+15	3.9412e+33
yes-but-diverge
