0	1	2	4801
1	0.98	-46	2.5392e+06
2	0.9604	1058	1.3432e+09
3	0.94119	-24334	7.1057e+11
4	0.92236	5.5968e+05	3.7589e+14
5	0.90236	-1.2873e+07	1.9885e+17
6	0.90236	2.9607e+08	1.0519e+20
7	0.90236	-6.8097e+09	5.5646e+22
8	0.90236	1.5662e+11	2.9437e+25
9	0.90236	-3.6023e+12	1.5572e+28
10	0.90236	8.2861e+13	8.2392e+30
11	0.90236	-1.9039e+15	4.35e+33
12	0.90236	3.98e+16	1.9008e+36
13	0.90236	3.98e+16	1.9008e+36
14	0.90236	3.98e+16	1.9008e+36
15	0.90236	3.98e+16	1.9008e+36
16	0.90236	3.98e+16	1.9008e+36
17	0.90236	3.98e+16	1.9008e+36
18	0.90236	3.98e+16	1.9008e+36
19	0.90236	3.98e+16	1.9008e+36
20	0.90236	3.98e+16	1.9008e+36
21	0.90236	3.98e+16	1.9008e+36
22	0.90236	3.98e+16	1.9008e+36
23	0.90236	3.98e+16	1.9008e+36
24	0.90236	3.98e+16	1.9008e+36
25	0.90236	3.98e+16	1.9008e+36
26	0.90236	3.98e+16	1.9008e+36
27	0.90236	3.98e+16	1.9008e+36
28	0.90236	3.98e+16	1.9008e+36
29	0.90236	3.98e+16	1.9008e+36
30	0.90236	3.98e+16	1.9008e+36
31	0.90236	3.98e+16	1.9008e+36
32	0.90236	3.98e+16	1.9008e+36
33	0.90236	3.98e+16	1.9008e+36
34	0.90236	3.98e+16	1.9008e+36
35	0.90236	3.98e+16	1.9008e+36
36	0.90236	3.98e+16	1.9008e+36
37	0.90236	3.98e+16	1.9008e+36
38	0.90236	3.98e+16	1.9008e+36
39	0.90236	3.98e+16	1.9008e+36
40	0.90236	3.98e+16	1.9008e+36
41	0.90236	3.98e+16	1.9008e+36
42	0.90236	3.98e+16	1.9008e+36
43	0.90236	3.98e+16	1.9008e+36
44	0.90236	3.98e+16	1.9008e+36
45	0.90236	3.98e+16	1.9008e+36
46	0.90236	3.98e+16	1.9008e+36
47	0.90236	3.98e+16	1.9008e+36
48	0.90236	3.98e+16	1.9008e+36
49	0.90236	3.98e+16	1.9008e+36
50	0.90236	3.98e+16	1.9008e+36
51	0.90236	3.98e+16	1.9008e+36
52	0.90236	3.98e+16	1.9008e+36
53	0.90236	3.98e+16	1.9008e+36
54	0.90236	3.98e+16	1.9008e+36
55	0.90236	3.98e+16	1.9008e+36
56	0.90236	3.98e+16	1.9008e+36
57	0.90236	3.98e+16	1.9008e+36
58	0.90236	3.98e+16	1.9008e+36
59	0.90236	3.98e+16	1.9008e+36
60	0.90236	3.98e+16	1.9008e+36
61	0.90236	3.98e+16	1.9008e+36
62	0.90236	3.98e+16	1.9008e+36
63	0.90236	3.98e+16	1.9008e+36
64	0.90236	3.98e+16	1.9008e+36
65	0.90236	3.98e+16	1.9008e+36
66	0.90236	3.98e+16	1.9008e+36
67	0.90236	3.98e+16	1.9008e+36
68	0.90236	3.98e+16	1.9008e+36
69	0.90236	3.98e+16	1.9008e+36
70	0.90236	3.98e+16	1.9008e+36
71	0.90236	3.98e+16	1.9008e+36
72	0.90236	3.98e+16	1.9008e+36
73	0.90236	3.98e+16	1.9008e+36
74	0.90236	3.98e+16	1.9008e+36
75	0.90236	3.98e+16	1.9008e+36
76	0.90236	3.98e+16	1.9008e+36
77	0.90236	3.98e+16	1.9008e+36
78	0.90236	3.98e+16	1.9008e+36
79	0.90236	3.98e+16	1.9008e+36
80	0.90236	3.98e+16	1.9008e+36
81	0.90236	3.98e+16	1.9008e+36
82	0.90236	3.98e+16	1.9008e+36
83	0.90236	3.98e+16	1.9008e+36
84	0.90236	3.98e+16	1.9008e+36
85	0.90236	3.98e+16	1.9008e+36
86	0.90236	3.98e+16	1.9008e+36
87	0.90236	3.98e+16	1.9008e+36
88	0.90236	3.98e+16	1.9008e+36
89	0.90236	3.98e+16	1.9008e+36
90	0.90236	3.98e+16	1.9008e+36
91	0.90236	3.98e+16	1.9008e+36
92	0.90236	3.98e+16	1.9008e+36
93	0.90236	3.98e+16	1.9008e+36
94	0.90236	3.98e+16	1.9008e+36
95	0.90236	3.98e+16	1.9008e+36
96	0.90236	3.98e+16	1.9008e+36
97	0.90236	3.98e+16	1.9008e+36
98	0.90236	3.98e+16	1.9008e+36
99	0.90236	3.98e+16	1.9008e+36
100	0.90236	3.98e+16	1.9008e+36
101	0.90236	3.98e+16	1.9008e+36
102	0.90236	3.98e+16	1.9008e+36
103	0.90236	3.98e+16	1.9008e+36
104	0.90236	3.98e+16	1.9008e+36
105	0.90236	3.98e+16	1.9008e+36
106	0.90236	3.98e+16	1.9008e+36
107	0.90236	3.98e+16	1.9008e+36
108	0.90236	3.98e+16	1.9008e+36
109	0.90236	3.98e+16	1.9008e+36
110	0.90236	3.98e+16	1.9008e+36
111	0.90236	3.98e+16	1.9008e+36
112	0.90236	3.98e+16	1.9008e+36
113	0.90236	3.98e+16	1.9008e+36
114	0.90236	3.98e+16	1.9008e+36
115	0.90236	3.98e+16	1.9008e+36
116	0.90236	3.98e+16	1.9008e+36
117	0.90236	3.98e+16	1.9008e+36
118	0.90236	3.98e+16	1.9008e+36
119	0.90236	3.98e+16	1.9008e+36
120	0.90236	3.98e+16	1.9008e+36
121	0.90236	3.98e+16	1.9008e+36
122	0.90236	3.98e+16	1.9008e+36
123	0.90236	3.98e+16	1.9008e+36
124	0.90236	3.98e+16	1.9008e+36
125	0.90236	3.98e+16	1.9008e+36
126	0.90236	3.98e+16	1.9008e+36
127	0.90236	3.98e+16	1.9008e+36
128	0.90236	3.98e+16	1.9008e+36
129	0.90236	3.98e+16	1.9008e+36
130	0.90236	3.98e+16	1.9008e+36
131	0.90236	3.98e+16	1.9008e+36
132	0.90236	3.98e+16	1.9008e+36
133	0.90236	3.98e+16	1.9008e+36
134	0.90236	3.98e+16	1.9008e+36
135	0.90236	3.98e+16	1.9008e+36
136	0.90236	3.98e+16	1.9008e+36
137	0.90236	3.98e+16	1.9008e+36
138	0.90236	3.98e+16	1.9008e+36
139	0.90236	3.98e+16	1.9008e+36
140	0.90236	3.98e+16	1.9008e+36
141	0.90236	3.98e+16	1.9008e+36
142	0.90236	3.98e+16	1.9008e+36
143	0.90236	3.98e+16	1.9008e+36
144	0.90236	3.98e+16	1.9008e+36
145	0.90236	3.98e+16	1.9008e+36
146	0.90236	3.98e+16	1.9008e+36
147	0.90236	3.98e+16	1.9008e+36
148	0.90236	3.98e+16	1.9008e+36
149	0.90236	3.98e+16	1.9008e+36
150	0.90236	3.98e+16	1.9008e+36
151	0.90236	3.98e+16	1.9008e+36
152	0.90236	3.98e+16	1.9008e+36
153	0.90236	3.98e+16	1.9008e+36
154	0.90236	3.98e+16	1.9008e+36
155	0.90236	3.98e+16	1.9008e+36
156	0.90236	3.98e+16	1.9008e+36
157	0.90236	3.98e+16	1.9008e+36
158	0.90236	3.98e+16	1.9008e+36
159	0.90236	3.98e+16	1.9008e+36
160	0.90236	3.98e+16	1.9008e+36
161	0.90236	3.98e+16	1.9008e+36
162	0.90236	3.98e+16	1.9008e+36
163	0.90236	3.98e+16	1.9008e+36
164	0.90236	3.98e+16	1.9008e+36
165	0.90236	3.98e+16	1.9008e+36
166	0.90236	3.98e+16	1.9008e+36
167	0.90236	3.98e+16	1.9008e+36
168	0.90236	3.98e+16	1.9008e+36
169	0.90236	3.98e+16	1.9008e+36
170	0.90236	3.98e+16	1.9008e+36
171	0.90236	3.98e+16	1.9008e+36
172	0.90236	3.98e+16	1.9008e+36
173	0.90236	3.98e+16	1.9008e+36
174	0.90236	3.98e+16	1.9008e+36
175	0.90236	3.98e+16	1.9008e+36
176	0.90236	3.98e+16	1.9008e+36
177	0.90236	3.98e+16	1.9008e+36
178	0.90236	3.98e+16	1.9008e+36
179	0.90236	3.98e+16	1.9008e+36
180	0.90236	3.98e+16	1.9008e+36
181	0.90236	3.98e+16	1.9008e+36
182	0.90236	3.98e+16	1.9008e+36
183	0.90236	3.98e+16	1.9008e+36
184	0.90236	3.98e+16	1.9008e+36
185	0.90236	3.98e+16	1.9008e+36
186	0.90236	3.98e+16	1.9008e+36
187	0.90236	3.98e+16	1.9008e+36
188	0.90236	3.98e+16	1.9008e+36
189	0.90236	3.98e+16	1.9008e+36
190	0.90236	3.98e+16	1.9008e+36
191	0.90236	3.98e+16	1.9008e+36
192	0.90236	3.98e+16	1.9008e+36
193	0.90236	3.98e+16	1.9008e+36
194	0.90236	3.98e+16	1.9008e+36
195	0.90236	3.98e+16	1.9008e+36
196	0.90236	3.98e+16	1.9008e+36
197	0.90236	3.98e+16	1.9008e+36
198	0.90236	3.98e+16	1.9008e+36
199	0.90236	3.98e+16	1.9008e+36
200	0.90236	3.98e+16	1.9008e+36
yes-but-diverge
