0	1.8	-0.77276
1	1.781	-0.80774
2	1.7633	-0.83787
3	1.7469	-0.86366
4	1.7318	-0.88564
5	1.7178	-0.90426
6	1.705	-0.92
7	1.6933	-0.93325
8	1.6825	-0.94437
9	1.6726	-0.95369
10	1.6636	-0.96148
11	1.6554	-0.96799
12	1.6478	-0.97341
13	1.641	-0.97793
14	1.6347	-0.98168
15	1.629	-0.98481
16	1.6238	-0.9874
17	1.619	-0.98955
18	1.6147	-0.99134
19	1.6108	-0.99282
20	1.6072	-0.99405
21	1.6039	-0.99507
22	1.6009	-0.99592
23	1.5982	-0.99662
24	1.5958	-0.9972
25	1.5935	-0.99768
26	1.5915	-0.99808
27	1.5896	-0.99841
28	1.5879	-0.99868
29	1.5864	-0.99891
30	1.585	-0.9991
31	1.5837	-0.99925
32	1.5825	-0.99938
33	1.5815	-0.99949
34	1.5805	-0.99957
35	1.5796	-0.99965
36	1.5788	-0.99971
37	1.5781	-0.99976
38	1.5775	-0.9998
39	1.5769	-0.99983
40	1.5763	-0.99986
41	1.5758	-0.99989
42	1.5754	-0.99991
43	1.575	-0.99992
44	1.5746	-0.99994
45	1.5742	-0.99995
46	1.5739	-0.99996
47	1.5736	-0.99996
48	1.5734	-0.99997
49	1.5732	-0.99997
50	1.5729	-0.99998
51	1.5728	-0.99998
52	1.5726	-0.99999
53	1.5724	-0.99999
54	1.5723	-0.99999
55	1.5721	-0.99999
56	1.572	-0.99999
57	1.5719	-0.99999
58	1.5718	-1
59	1.5717	-1
60	1.5716	-1
61	1.5716	-1
62	1.5715	-1
63	1.5714	-1
64	1.5714	-1
65	1.5713	-1
66	1.5713	-1
67	1.5712	-1
68	1.5712	-1
69	1.5712	-1
70	1.5711	-1
71	1.5711	-1
72	1.5711	-1
73	1.571	-1
74	1.571	-1
75	1.571	-1
76	1.571	-1
77	1.571	-1
78	1.5709	-1
79	1.5709	-1
80	1.5709	-1
81	1.5709	-1
82	1.5709	-1
83	1.5709	-1
84	1.5709	-1
85	1.5709	-1
86	1.5709	-1
87	1.5709	-1
88	1.5709	-1
89	1.5709	-1
90	1.5708	-1
91	1.5708	-1
92	1.5708	-1
93	1.5708	-1
94	1.5708	-1
95	1.5708	-1
96	1.5708	-1
97	1.5708	-1
98	1.5708	-1
99	1.5708	-1
100	1.5708	-1
101	1.5708	-1
102	1.5708	-1
103	1.5708	-1
104	1.5708	-1
105	1.5708	-1
106	1.5708	-1
107	1.5708	-1
108	1.5708	-1
109	1.5708	-1
110	1.5708	-1
111	1.5708	-1
112	1.5708	-1
113	1.5708	-1
114	1.5708	-1
115	1.5708	-1
116	1.5708	-1
117	1.5708	-1
118	1.5708	-1
119	1.5708	-1
120	1.5708	-1
121	1.5708	-1
122	1.5708	-1
123	1.5708	-1
124	1.5708	-1
125	1.5708	-1
126	1.5708	-1
127	1.5708	-1
128	1.5708	-1
129	1.5708	-1
130	1.5708	-1
131	1.5708	-1
132	1.5708	-1
133	1.5708	-1
134	1.5708	-1
135	1.5708	-1
136	1.5708	-1
137	1.5708	-1
138	1.5708	-1
139	1.5708	-1
140	1.5708	-1
141	1.5708	-1
142	1.5708	-1
143	1.5708	-1
144	1.5708	-1
145	1.5708	-1
146	1.5708	-1
147	1.5708	-1
148	1.5708	-1
149	1.5708	-1
150	1.5708	-1
151	1.5708	-1
152	1.5708	-1
153	1.5708	-1
154	1.5708	-1
155	1.5708	-1
156	1.5708	-1
157	1.5708	-1
158	1.5708	-1
159	1.5708	-1
160	1.5708	-1
161	1.5708	-1
162	1.5708	-1
163	1.5708	-1
164	1.5708	-1
165	1.5708	-1
166	1.5708	-1
167	1.5708	-1
168	1.5708	-1
169	1.5708	-1
170	1.5708	-1
171	1.5708	-1
172	1.5708	-1
173	1.5708	-1
174	1.5708	-1
175	1.5708	-1
176	1.5708	-1
177	1.5708	-1
178	1.5708	-1
179	1.5708	-1
180	1.5708	-1
181	1.5708	-1
182	1.5708	-1
183	1.5708	-1
184	1.5708	-1
185	1.5708	-1
186	1.5708	-1
187	1.5708	-1
188	1.5708	-1
189	1.5708	-1
190	1.5708	-1
191	1.5708	-1
192	1.5708	-1
193	1.5708	-1
194	1.5708	-1
195	1.5708	-1
196	1.5708	-1
197	1.5708	-1
198	1.5708	-1
199	1.5708	-1
200	1.5708	-1
yes
