0	-1.8	1.0968
1	-1.8154	1.0721
2	-1.8319	1.0442
3	-1.8494	1.0126
4	-1.868	0.97717
5	-1.8876	0.93771
6	-1.9082	0.8941
7	-1.9298	0.84631
8	-1.9524	0.79444
9	-1.9758	0.73871
10	-2	0.67949
11	-2.0248	0.61732
12	-2.0501	0.55286
13	-2.0757	0.48689
14	-2.1015	0.4203
15	-2.1273	0.35399
16	-2.1529	0.28889
17	-2.1781	0.22585
18	-2.2028	0.16564
19	-2.2269	0.10889
20	-2.2501	0.056066
21	-2.2724	0.0074932
22	-2.2936	-0.036674
23	-2.3138	-0.076419
24	-2.3329	-0.11184
25	-2.3509	-0.14315
26	-2.3678	-0.17059
27	-2.3835	-0.19448
28	-2.3981	-0.21514
29	-2.4117	-0.23292
30	-2.4243	-0.24814
31	-2.4359	-0.26112
32	-2.4466	-0.27214
33	-2.4565	-0.28147
34	-2.4655	-0.28934
35	-2.4739	-0.29597
36	-2.4815	-0.30154
37	-2.4885	-0.3062
38	-2.4949	-0.31011
39	-2.5007	-0.31338
40	-2.506	-0.3161
41	-2.5109	-0.31838
42	-2.5154	-0.32027
43	-2.5194	-0.32185
44	-2.5231	-0.32316
45	-2.5265	-0.32425
46	-2.5296	-0.32515
47	-2.5324	-0.3259
48	-2.5349	-0.32653
49	-2.5373	-0.32705
50	-2.5394	-0.32748
51	-2.5413	-0.32783
52	-2.5431	-0.32813
53	-2.5447	-0.32837
54	-2.5461	-0.32857
55	-2.5475	-0.32874
56	-2.5487	-0.32888
57	-2.5498	-0.32899
58	-2.5508	-0.32909
59	-2.5517	-0.32917
60	-2.5525	-0.32923
61	-2.5532	-0.32929
62	-2.5539	-0.32933
63	-2.5546	-0.32937
64	-2.5551	-0.3294
65	-2.5556	-0.32943
66	-2.5561	-0.32945
67	-2.5565	-0.32946
68	-2.5569	-0.32948
69	-2.5573	-0.32949
70	-2.5576	-0.3295
71	-2.5579	-0.32951
72	-2.5581	-0.32951
73	-2.5584	-0.32952
74	-2.5586	-0.32952
75	-2.5588	-0.32953
76	-2.559	-0.32953
77	-2.5592	-0.32953
78	-2.5593	-0.32954
79	-2.5594	-0.32954
80	-2.5596	-0.32954
81	-2.5597	-0.32954
82	-2.5598	-0.32954
83	-2.5599	-0.32954
84	-2.56	-0.32954
85	-2.56	-0.32954
86	-2.5601	-0.32954
87	-2.5602	-0.32954
88	-2.5602	-0.32954
89	-2.5603	-0.32955
90	-2.5603	-0.32955
91	-2.5604	-0.32955
92	-2.5604	-0.32955
93	-2.5604	-0.32955
94	-2.5605	-0.32955
95	-2.5605	-0.32955
96	-2.5605	-0.32955
97	-2.5606	-0.32955
98	-2.5606	-0.32955
99	-2.5606	-0.32955
100	-2.5606	-0.32955
101	-2.5606	-0.32955
102	-2.5607	-0.32955
103	-2.5607	-0.32955
104	-2.5607	-0.32955
105	-2.5607	-0.32955
106	-2.5607	-0.32955
107	-2.5607	-0.32955
108	-2.5607	-0.32955
109	-2.5607	-0.32955
110	-2.5607	-0.32955
111	-2.5607	-0.32955
112	-2.5607	-0.32955
113	-2.5608	-0.32955
114	-2.5608	-0.32955
115	-2.5608	-0.32955
116	-2.5608	-0.32955
117	-2.5608	-0.32955
118	-2.5608	-0.32955
119	-2.5608	-0.32955
120	-2.5608	-0.32955
121	-2.5608	-0.32955
122	-2.5608	-0.32955
123	-2.5608	-0.32955
124	-2.5608	-0.32955
125	-2.5608	-0.32955
126	-2.5608	-0.32955
127	-2.5608	-0.32955
128	-2.5608	-0.32955
129	-2.5608	-0.32955
130	-2.5608	-0.32955
131	-2.5608	-0.32955
132	-2.5608	-0.32955
133	-2.5608	-0.32955
134	-2.5608	-0.32955
135	-2.5608	-0.32955
136	-2.5608	-0.32955
137	-2.5608	-0.32955
138	-2.5608	-0.32955
139	-2.5608	-0.32955
140	-2.5608	-0.32955
141	-2.5608	-0.32955
142	-2.5608	-0.32955
143	-2.5608	-0.32955
144	-2.5608	-0.32955
145	-2.5608	-0.32955
146	-2.5608	-0.32955
147	-2.5608	-0.32955
148	-2.5608	-0.32955
149	-2.5608	-0.32955
150	-2.5608	-0.32955
151	-2.5608	-0.32955
152	-2.5608	-0.32955
153	-2.5608	-0.32955
154	-2.5608	-0.32955
155	-2.5608	-0.32955
156	-2.5608	-0.32955
157	-2.5608	-0.32955
158	-2.5608	-0.32955
159	-2.5608	-0.32955
160	-2.5608	-0.32955
161	-2.5608	-0.32955
162	-2.5608	-0.32955
163	-2.5608	-0.32955
164	-2.5608	-0.32955
165	-2.5608	-0.32955
166	-2.5608	-0.32955
167	-2.5608	-0.32955
168	-2.5608	-0.32955
169	-2.5608	-0.32955
170	-2.5608	-0.32955
171	-2.5608	-0.32955
172	-2.5608	-0.32955
173	-2.5608	-0.32955
174	-2.5608	-0.32955
175	-2.5608	-0.32955
176	-2.5608	-0.32955
177	-2.5608	-0.32955
178	-2.5608	-0.32955
179	-2.5608	-0.32955
180	-2.5608	-0.32955
181	-2.5608	-0.32955
182	-2.5608	-0.32955
183	-2.5608	-0.32955
184	-2.5608	-0.32955
185	-2.5608	-0.32955
186	-2.5608	-0.32955
187	-2.5608	-0.32955
188	-2.5608	-0.32955
189	-2.5608	-0.32955
190	-2.5608	-0.32955
191	-2.5608	-0.32955
192	-2.5608	-0.32955
193	-2.5608	-0.32955
194	-2.5608	-0.32955
195	-2.5608	-0.32955
196	-2.5608	-0.32955
197	-2.5608	-0.32955
198	-2.5608	-0.32955
199	-2.5608	-0.32955
200	-2.5608	-0.32955
yes
