0	1.8	-0.44876
1	1.7774	-0.49816
2	1.7564	-0.54049
3	1.737	-0.5765
4	1.7192	-0.60696
5	1.7028	-0.6326
6	1.6879	-0.65408
7	1.6742	-0.67202
8	1.6617	-0.68697
9	1.6503	-0.69939
10	1.6399	-0.70969
11	1.6304	-0.71822
12	1.6218	-0.72528
13	1.614	-0.73111
14	1.6069	-0.73593
15	1.6004	-0.73991
16	1.5946	-0.74319
17	1.5892	-0.7459
18	1.5844	-0.74813
19	1.58	-0.74997
20	1.576	-0.75149
21	1.5724	-0.75274
22	1.5691	-0.75378
23	1.5661	-0.75463
24	1.5634	-0.75533
25	1.561	-0.75591
26	1.5587	-0.75638
27	1.5567	-0.75678
28	1.5548	-0.7571
29	1.5532	-0.75737
30	1.5516	-0.75759
31	1.5503	-0.75777
32	1.549	-0.75792
33	1.5479	-0.75805
34	1.5468	-0.75815
35	1.5459	-0.75823
36	1.545	-0.7583
37	1.5443	-0.75836
38	1.5436	-0.75841
39	1.5429	-0.75844
40	1.5423	-0.75848
41	1.5418	-0.7585
42	1.5413	-0.75853
43	1.5409	-0.75854
44	1.5405	-0.75856
45	1.5402	-0.75857
46	1.5398	-0.75858
47	1.5395	-0.75859
48	1.5393	-0.7586
49	1.539	-0.7586
50	1.5388	-0.75861
51	1.5386	-0.75861
52	1.5384	-0.75861
53	1.5382	-0.75862
54	1.5381	-0.75862
55	1.538	-0.75862
56	1.5378	-0.75862
57	1.5377	-0.75862
58	1.5376	-0.75862
59	1.5375	-0.75862
60	1.5374	-0.75863
61	1.5374	-0.75863
62	1.5373	-0.75863
63	1.5372	-0.75863
64	1.5372	-0.75863
65	1.5371	-0.75863
66	1.5371	-0.75863
67	1.537	-0.75863
68	1.537	-0.75863
69	1.5369	-0.75863
70	1.5369	-0.75863
71	1.5369	-0.75863
72	1.5369	-0.75863
73	1.5368	-0.75863
74	1.5368	-0.75863
75	1.5368	-0.75863
76	1.5368	-0.75863
77	1.5368	-0.75863
78	1.5367	-0.75863
79	1.5367	-0.75863
80	1.5367	-0.75863
81	1.5367	-0.75863
82	1.5367	-0.75863
83	1.5367	-0.75863
84	1.5367	-0.75863
85	1.5367	-0.75863
86	1.5367	-0.75863
87	1.5367	-0.75863
88	1.5366	-0.75863
89	1.5366	-0.75863
90	1.5366	-0.75863
91	1.5366	-0.75863
92	1.5366	-0.75863
93	1.5366	-0.75863
94	1.5366	-0.75863
95	1.5366	-0.75863
96	1.5366	-0.75863
97	1.5366	-0.75863
98	1.5366	-0.75863
99	1.5366	-0.75863
100	1.5366	-0.75863
101	1.5366	-0.75863
102	1.5366	-0.75863
103	1.5366	-0.75863
104	1.5366	-0.75863
105	1.5366	-0.75863
106	1.5366	-0.75863
107	1.5366	-0.75863
108	1.5366	-0.75863
109	1.5366	-0.75863
110	1.5366	-0.75863
111	1.5366	-0.75863
112	1.5366	-0.75863
113	1.5366	-0.75863
114	1.5366	-0.75863
115	1.5366	-0.75863
116	1.5366	-0.75863
117	1.5366	-0.75863
118	1.5366	-0.75863
119	1.5366	-0.75863
120	1.5366	-0.75863
121	1.5366	-0.75863
122	1.5366	-0.75863
123	1.5366	-0.75863
124	1.5366	-0.75863
125	1.5366	-0.75863
126	1.5366	-0.75863
127	1.5366	-0.75863
128	1.5366	-0.75863
129	1.5366	-0.75863
130	1.5366	-0.75863
131	1.5366	-0.75863
132	1.5366	-0.75863
133	1.5366	-0.75863
134	1.5366	-0.75863
135	1.5366	-0.75863
136	1.5366	-0.75863
137	1.5366	-0.75863
138	1.5366	-0.75863
139	1.5366	-0.75863
140	1.5366	-0.75863
141	1.5366	-0.75863
142	1.5366	-0.75863
143	1.5366	-0.75863
144	1.5366	-0.75863
145	1.5366	-0.75863
146	1.5366	-0.75863
147	1.5366	-0.75863
148	1.5366	-0.75863
149	1.5366	-0.75863
150	1.5366	-0.75863
151	1.5366	-0.75863
152	1.5366	-0.75863
153	1.5366	-0.75863
154	1.5366	-0.75863
155	1.5366	-0.75863
156	1.5366	-0.75863
157	1.5366	-0.75863
158	1.5366	-0.75863
159	1.5366	-0.75863
160	1.5366	-0.75863
161	1.5366	-0.75863
162	1.5366	-0.75863
163	1.5366	-0.75863
164	1.5366	-0.75863
165	1.5366	-0.75863
166	1.5366	-0.75863
167	1.5366	-0.75863
168	1.5366	-0.75863
169	1.5366	-0.75863
170	1.5366	-0.75863
171	1.5366	-0.75863
172	1.5366	-0.75863
173	1.5366	-0.75863
174	1.5366	-0.75863
175	1.5366	-0.75863
176	1.5366	-0.75863
177	1.5366	-0.75863
178	1.5366	-0.75863
179	1.5366	-0.75863
180	1.5366	-0.75863
181	1.5366	-0.75863
182	1.5366	-0.75863
183	1.5366	-0.75863
184	1.5366	-0.75863
185	1.5366	-0.75863
186	1.5366	-0.75863
187	1.5366	-0.75863
188	1.5366	-0.75863
189	1.5366	-0.75863
190	1.5366	-0.75863
191	1.5366	-0.75863
192	1.5366	-0.75863
193	1.5366	-0.75863
194	1.5366	-0.75863
195	1.5366	-0.75863
196	1.5366	-0.75863
197	1.5366	-0.75863
198	1.5366	-0.75863
199	1.5366	-0.75863
200	1.5366	-0.75863
yes
