0	1.8	3.44
1	1.764	3.3117
2	1.7287	3.1885
3	1.6941	3.0701
4	1.6603	2.9565
5	1.6271	2.8473
6	1.5945	2.7425
7	1.5626	2.6418
8	1.5314	2.5451
9	1.5007	2.4522
10	1.4707	2.363
11	1.4413	2.2774
12	1.4125	2.1951
13	1.3842	2.1161
14	1.3566	2.0402
15	1.3294	1.9674
16	1.3028	1.8974
17	1.2768	1.8302
18	1.2512	1.7656
19	1.2262	1.7036
20	1.2017	1.6441
21	1.1777	1.5869
22	1.1541	1.532
23	1.131	1.4792
24	1.1084	1.4286
25	1.0862	1.3799
26	1.0645	1.3332
27	1.0432	1.2883
28	1.0224	1.2452
29	1.0019	1.2038
30	0.98187	1.1641
31	0.96223	1.1259
32	0.94299	1.0892
33	0.92413	1.054
34	0.90565	1.0202
35	0.88753	0.98772
36	0.86978	0.95652
37	0.85239	0.92657
38	0.83534	0.89779
39	0.81863	0.87016
40	0.80226	0.84362
41	0.78622	0.81813
42	0.77049	0.79366
43	0.75508	0.77015
44	0.73998	0.74757
45	0.72518	0.72589
46	0.71068	0.70506
47	0.69646	0.68506
48	0.68253	0.66585
49	0.66888	0.6474
50	0.65551	0.62969
51	0.6424	0.61267
52	0.62955	0.59633
53	0.61696	0.58064
54	0.60462	0.56556
55	0.59252	0.55109
56	0.58067	0.53718
57	0.56906	0.52383
58	0.55768	0.51101
59	0.54653	0.49869
60	0.5356	0.48686
61	0.52488	0.4755
62	0.51439	0.46459
63	0.5041	0.45412
64	0.49402	0.44405
65	0.48414	0.43439
66	0.47445	0.42511
67	0.46496	0.41619
68	0.45566	0.40763
69	0.44655	0.39941
70	0.43762	0.39151
71	0.42887	0.38393
72	0.42029	0.37664
73	0.41189	0.36965
74	0.40365	0.36293
75	0.39557	0.35648
76	0.38766	0.35028
77	0.37991	0.34433
78	0.37231	0.33862
79	0.36487	0.33313
80	0.35757	0.32785
81	0.35042	0.32279
82	0.34341	0.31793
83	0.33654	0.31326
84	0.32981	0.30877
85	0.32321	0.30447
86	0.31675	0.30033
87	0.31041	0.29636
88	0.30421	0.29254
89	0.29812	0.28888
90	0.29216	0.28536
91	0.28632	0.28198
92	0.28059	0.27873
93	0.27498	0.27561
94	0.26948	0.27262
95	0.26409	0.26974
96	0.25881	0.26698
97	0.25363	0.26433
98	0.24856	0.26178
99	0.24359	0.25933
100	0.23872	0.25698
101	0.23394	0.25473
102	0.22926	0.25256
103	0.22468	0.25048
104	0.22018	0.24848
105	0.21578	0.24656
106	0.21146	0.24472
107	0.20723	0.24295
108	0.20309	0.24125
109	0.19903	0.23961
110	0.19505	0.23804
111	0.19115	0.23654
112	0.18732	0.23509
113	0.18358	0.2337
114	0.17991	0.23237
115	0.17631	0.23108
116	0.17278	0.22985
117	0.16933	0.22867
118	0.16594	0.22754
119	0.16262	0.22645
120	0.15937	0.2254
121	0.15618	0.22439
122	0.15306	0.22343
123	0.15	0.2225
124	0.147	0.22161
125	0.14406	0.22075
126	0.14118	0.21993
127	0.13835	0.21914
128	0.13558	0.21838
129	0.13287	0.21766
130	0.13022	0.21696
131	0.12761	0.21628
132	0.12506	0.21564
133	0.12256	0.21502
134	0.12011	0.21443
135	0.1177	0.21385
136	0.11535	0.21331
137	0.11304	0.21278
138	0.11078	0.21227
139	0.10857	0.21179
140	0.1064	0.21132
141	0.10427	0.21087
142	0.10218	0.21044
143	0.10014	0.21003
144	0.098136	0.20963
145	0.096173	0.20925
146	0.09425	0.20888
147	0.092365	0.20853
148	0.090517	0.20819
149	0.088707	0.20787
150	0.086933	0.20756
151	0.085194	0.20726
152	0.08349	0.20697
153	0.08182	0.20669
154	0.080184	0.20643
155	0.07858	0.20617
156	0.077009	0.20593
157	0.075469	0.2057
158	0.073959	0.20547
159	0.07248	0.20525
160	0.07103	0.20505
161	0.06961	0.20485
162	0.068218	0.20465
163	0.066853	0.20447
164	0.065516	0.20429
165	0.064206	0.20412
166	0.062922	0.20396
167	0.061663	0.2038
168	0.06043	0.20365
169	0.059221	0.20351
170	0.058037	0.20337
171	0.056876	0.20323
172	0.055739	0.20311
173	0.054624	0.20298
174	0.053532	0.20287
175	0.052461	0.20275
176	0.051412	0.20264
177	0.050383	0.20254
178	0.049376	0.20244
179	0.048388	0.20234
180	0.047421	0.20225
181	0.046472	0.20216
182	0.045543	0.20207
183	0.044632	0.20199
184	0.043739	0.20191
185	0.042864	0.20184
186	0.042007	0.20176
187	0.041167	0.20169
188	0.040344	0.20163
189	0.039537	0.20156
190	0.038746	0.2015
191	0.037971	0.20144
192	0.037212	0.20138
193	0.036467	0.20133
194	0.035738	0.20128
195	0.035023	0.20123
196	0.034323	0.20118
197	0.033636	0.20113
198	0.032964	0.20109
199	0.032304	0.20104
200	0.031658	0.201
yes
