0	1.8	5.832
1	1.7028	4.9373
2	1.6158	4.2187
3	1.5375	3.6344
4	1.4666	3.1544
5	1.402	2.7561
6	1.3431	2.4227
7	1.289	2.1415
8	1.2391	1.9026
9	1.1931	1.6982
10	1.1504	1.5223
11	1.1107	1.3701
12	1.0736	1.2376
13	1.0391	1.1218
14	1.0067	1.0202
15	0.97627	0.9305
16	0.94768	0.85111
17	0.92074	0.78056
18	0.89531	0.71765
19	0.87126	0.66136
20	0.84849	0.61085
21	0.82689	0.56538
22	0.80638	0.52434
23	0.78687	0.4872
24	0.76829	0.4535
25	0.75058	0.42286
26	0.73368	0.39494
27	0.71753	0.36943
28	0.70209	0.34608
29	0.6873	0.32467
30	0.67313	0.305
31	0.65954	0.28689
32	0.64649	0.2702
33	0.63395	0.25478
34	0.62189	0.24052
35	0.61029	0.2273
36	0.59912	0.21505
37	0.58835	0.20366
38	0.57796	0.19306
39	0.56794	0.18319
40	0.55827	0.17399
41	0.54892	0.16539
42	0.53988	0.15736
43	0.53113	0.14983
44	0.52267	0.14278
45	0.51447	0.13617
46	0.50653	0.12996
47	0.49884	0.12413
48	0.49137	0.11864
49	0.48413	0.11347
50	0.4771	0.1086
51	0.47027	0.104
52	0.46363	0.09966
53	0.45718	0.095559
54	0.45091	0.091681
55	0.44481	0.088011
56	0.43888	0.084534
57	0.4331	0.081239
58	0.42747	0.078113
59	0.42199	0.075146
60	0.41665	0.072328
61	0.41144	0.06965
62	0.40636	0.067102
63	0.40141	0.064678
64	0.39657	0.06237
65	0.39186	0.06017
66	0.38725	0.058073
67	0.38275	0.056072
68	0.37836	0.054163
69	0.37406	0.052339
70	0.36986	0.050597
71	0.36576	0.048931
72	0.36175	0.047338
73	0.35782	0.045814
74	0.35398	0.044354
75	0.35022	0.042956
76	0.34654	0.041616
77	0.34294	0.040332
78	0.33941	0.0391
79	0.33595	0.037917
80	0.33257	0.036782
81	0.32925	0.035692
82	0.326	0.034645
83	0.32281	0.033639
84	0.31968	0.032671
85	0.31662	0.03174
86	0.31361	0.030844
87	0.31066	0.029981
88	0.30776	0.029151
89	0.30492	0.028351
90	0.30213	0.02758
91	0.29939	0.026837
92	0.29671	0.02612
93	0.29406	0.025429
94	0.29147	0.024762
95	0.28892	0.024118
96	0.28642	0.023496
97	0.28396	0.022896
98	0.28154	0.022316
99	0.27916	0.021755
100	0.27682	0.021213
101	0.27452	0.020689
102	0.27226	0.020182
103	0.27004	0.019691
104	0.26785	0.019217
105	0.2657	0.018757
106	0.26358	0.018312
107	0.2615	0.017881
108	0.25944	0.017464
109	0.25743	0.017059
110	0.25544	0.016667
111	0.25348	0.016287
112	0.25155	0.015918
113	0.24965	0.01556
114	0.24778	0.015213
115	0.24594	0.014876
116	0.24413	0.01455
117	0.24234	0.014232
118	0.24058	0.013924
119	0.23884	0.013625
120	0.23713	0.013334
121	0.23544	0.013051
122	0.23378	0.012777
123	0.23214	0.01251
124	0.23052	0.01225
125	0.22893	0.011998
126	0.22736	0.011752
127	0.22581	0.011514
128	0.22428	0.011281
129	0.22277	0.011055
130	0.22128	0.010835
131	0.21981	0.01062
132	0.21836	0.010412
133	0.21693	0.010208
134	0.21552	0.01001
135	0.21413	0.0098175
136	0.21275	0.0096295
137	0.21139	0.0094463
138	0.21005	0.0092678
139	0.20873	0.0090937
140	0.20742	0.0089239
141	0.20613	0.0087583
142	0.20486	0.0085969
143	0.2036	0.0084393
144	0.20235	0.0082856
145	0.20112	0.0081357
146	0.19991	0.0079893
147	0.19871	0.0078464
148	0.19753	0.0077069
149	0.19636	0.0075707
150	0.1952	0.0074377
151	0.19406	0.0073078
152	0.19293	0.0071809
153	0.19181	0.0070569
154	0.19071	0.0069358
155	0.18962	0.0068175
156	0.18854	0.0067018
157	0.18747	0.0065887
158	0.18642	0.0064782
159	0.18537	0.0063701
160	0.18434	0.0062644
161	0.18332	0.006161
162	0.18232	0.0060599
163	0.18132	0.005961
164	0.18033	0.0058643
165	0.17936	0.0057696
166	0.17839	0.005677
167	0.17744	0.0055863
168	0.17649	0.0054976
169	0.17556	0.0054107
170	0.17463	0.0053257
171	0.17372	0.0052424
172	0.17281	0.0051609
173	0.17192	0.005081
174	0.17103	0.0050028
175	0.17015	0.0049262
176	0.16928	0.0048512
177	0.16842	0.0047776
178	0.16757	0.0047056
179	0.16673	0.004635
180	0.1659	0.0045658
181	0.16507	0.0044979
182	0.16425	0.0044314
183	0.16344	0.0043663
184	0.16264	0.0043023
185	0.16185	0.0042397
186	0.16106	0.0041782
187	0.16029	0.0041179
188	0.15951	0.0040588
189	0.15875	0.0040008
190	0.15799	0.0039439
191	0.15725	0.0038881
192	0.1565	0.0038334
193	0.15577	0.0037796
194	0.15504	0.0037269
195	0.15432	0.0036751
196	0.15361	0.0036243
197	0.1529	0.0035744
198	0.1522	0.0035255
199	0.1515	0.0034774
200	0.15081	0.0034302
yes
