0	-1.8	-0.085248
1	-1.7966	-0.08639
2	-1.7933	-0.087513
3	-1.7899	-0.088617
4	-1.7866	-0.089704
5	-1.7833	-0.090774
6	-1.7801	-0.091826
7	-1.7769	-0.092862
8	-1.7737	-0.093881
9	-1.7705	-0.094884
10	-1.7673	-0.095871
11	-1.7642	-0.096843
12	-1.7611	-0.097799
13	-1.7581	-0.098741
14	-1.755	-0.099667
15	-1.752	-0.10058
16	-1.749	-0.10148
17	-1.746	-0.10236
18	-1.743	-0.10323
19	-1.7401	-0.10409
20	-1.7372	-0.10493
21	-1.7343	-0.10577
22	-1.7314	-0.10658
23	-1.7286	-0.10739
24	-1.7258	-0.10819
25	-1.723	-0.10897
26	-1.7202	-0.10974
27	-1.7174	-0.1105
28	-1.7147	-0.11124
29	-1.712	-0.11198
30	-1.7093	-0.11271
31	-1.7066	-0.11342
32	-1.7039	-0.11413
33	-1.7013	-0.11482
34	-1.6987	-0.1155
35	-1.6961	-0.11618
36	-1.6935	-0.11684
37	-1.6909	-0.1175
38	-1.6884	-0.11814
39	-1.6859	-0.11878
40	-1.6833	-0.1194
41	-1.6809	-0.12002
42	-1.6784	-0.12063
43	-1.6759	-0.12123
44	-1.6735	-0.12182
45	-1.6711	-0.1224
46	-1.6687	-0.12298
47	-1.6663	-0.12355
48	-1.6639	-0.1241
49	-1.6616	-0.12465
50	-1.6592	-0.1252
51	-1.6569	-0.12573
52	-1.6546	-0.12626
53	-1.6523	-0.12678
54	-1.6501	-0.1273
55	-1.6478	-0.1278
56	-1.6456	-0.1283
57	-1.6433	-0.12879
58	-1.6411	-0.12928
59	-1.6389	-0.12976
60	-1.6368	-0.13023
61	-1.6346	-0.1307
62	-1.6325	-0.13116
63	-1.6303	-0.13161
64	-1.6282	-0.13206
65	-1.6261	-0.1325
66	-1.624	-0.13293
67	-1.6219	-0.13336
68	-1.6199	-0.13379
69	-1.6178	-0.13421
70	-1.6158	-0.13462
71	-1.6138	-0.13503
72	-1.6118	-0.13543
73	-1.6098	-0.13582
74	-1.6078	-0.13622
75	-1.6058	-0.1366
76	-1.6039	-0.13698
77	-1.6019	-0.13736
78	-1.6	-0.13773
79	-1.5981	-0.1381
80	-1.5962	-0.13846
81	-1.5943	-0.13881
82	-1.5924	-0.13917
83	-1.5905	-0.13951
84	-1.5887	-0.13986
85	-1.5868	-0.1402
86	-1.585	-0.14053
87	-1.5832	-0.14086
88	-1.5814	-0.14119
89	-1.5796	-0.14151
90	-1.5778	-0.14182
91	-1.576	-0.14214
92	-1.5743	-0.14245
93	-1.5725	-0.14275
94	-1.5708	-0.14305
95	-1.569	-0.14335
96	-1.5673	-0.14365
97	-1.5656	-0.14394
98	-1.5639	-0.14422
99	-1.5622	-0.14451
100	-1.5606	-0.14479
101	-1.5589	-0.14506
102	-1.5572	-0.14534
103	-1.5556	-0.14561
104	-1.554	-0.14587
105	-1.5523	-0.14613
106	-1.5507	-0.14639
107	-1.5491	-0.14665
108	-1.5475	-0.1469
109	-1.5459	-0.14715
110	-1.5444	-0.1474
111	-1.5428	-0.14764
112	-1.5413	-0.14789
113	-1.5397	-0.14812
114	-1.5382	-0.14836
115	-1.5366	-0.14859
116	-1.5351	-0.14882
117	-1.5336	-0.14905
118	-1.5321	-0.14927
119	-1.5306	-0.14949
120	-1.5291	-0.14971
121	-1.5277	-0.14993
122	-1.5262	-0.15014
123	-1.5248	-0.15035
124	-1.5233	-0.15056
125	-1.5219	-0.15077
126	-1.5204	-0.15097
127	-1.519	-0.15117
128	-1.5176	-0.15137
129	-1.5162	-0.15157
130	-1.5148	-0.15176
131	-1.5134	-0.15195
132	-1.512	-0.15214
133	-1.5107	-0.15233
134	-1.5093	-0.15251
135	-1.508	-0.1527
136	-1.5066	-0.15288
137	-1.5053	-0.15306
138	-1.5039	-0.15323
139	-1.5026	-0.15341
140	-1.5013	-0.15358
141	-1.5	-0.15375
142	-1.4987	-0.15392
143	-1.4974	-0.15408
144	-1.4961	-0.15425
145	-1.4948	-0.15441
146	-1.4936	-0.15457
147	-1.4923	-0.15473
148	-1.4911	-0.15489
149	-1.4898	-0.15504
150	-1.4886	-0.1552
151	-1.4873	-0.15535
152	-1.4861	-0.1555
153	-1.4849	-0.15565
154	-1.4837	-0.1558
155	-1.4825	-0.15594
156	-1.4813	-0.15608
157	-1.4801	-0.15623
158	-1.4789	-0.15637
159	-1.4777	-0.1565
160	-1.4765	-0.15664
161	-1.4754	-0.15678
162	-1.4742	-0.15691
163	-1.4731	-0.15704
164	-1.4719	-0.15718
165	-1.4708	-0.1573
166	-1.4696	-0.15743
167	-1.4685	-0.15756
168	-1.4674	-0.15768
169	-1.4663	-0.15781
170	-1.4652	-0.15793
171	-1.4641	-0.15805
172	-1.463	-0.15817
173	-1.4619	-0.15829
174	-1.4608	-0.15841
175	-1.4597	-0.15852
176	-1.4586	-0.15864
177	-1.4576	-0.15875
178	-1.4565	-0.15886
179	-1.4555	-0.15898
180	-1.4544	-0.15908
181	-1.4534	-0.15919
182	-1.4523	-0.1593
183	-1.4513	-0.15941
184	-1.4503	-0.15951
185	-1.4493	-0.15962
186	-1.4482	-0.15972
187	-1.4472	-0.15982
188	-1.4462	-0.15992
189	-1.4452	-0.16002
190	-1.4442	-0.16012
191	-1.4432	-0.16022
192	-1.4423	-0.16031
193	-1.4413	-0.16041
194	-1.4403	-0.1605
195	-1.4394	-0.16059
196	-1.4384	-0.16069
197	-1.4374	-0.16078
198	-1.4365	-0.16087
199	-1.4355	-0.16096
200	-1.4346	-0.16105
yes
