0	1	2	7
1	0.97773	1.9552	6.7789
2	0.95586	1.9103	6.5628
3	0.92297	1.8726	6.3585
4	0.9022	1.8271	6.1524
5	0.87836	1.7832	5.9512
6	0.85698	1.738	5.755
7	0.83051	1.6956	5.5647
8	0.8165	1.6476	5.3811
9	0.79207	1.6039	5.2
10	0.76798	1.5601	5.0238
11	0.74522	1.5156	4.8524
12	0.724	1.4703	4.686
13	0.69954	1.4267	4.5249
14	0.66555	1.39	4.3752
15	0.64244	1.3457	4.2237
16	0.62635	1.2984	4.0781
17	0.61424	1.2499	3.9394
18	0.60176	1.2014	3.8056
19	0.57073	1.1622	3.6765
20	0.53199	1.1306	3.5613
21	0.50634	1.0877	3.4395
22	0.49778	1.0384	3.3261
23	0.47057	0.9965	3.2144
24	0.44837	0.95169	3.1068
25	0.43085	0.90486	3.0044
26	0.40833	0.86022	2.9067
27	0.3867	0.81514	2.814
28	0.36965	0.76814	2.7267
29	0.34979	0.72225	2.644
30	0.32509	0.67878	2.5664
31	0.28895	0.64423	2.4985
32	0.27038	0.59781	2.4305
33	0.23965	0.55837	2.3692
34	0.21774	0.51342	2.311
35	0.1893	0.4723	2.2589
36	0.19362	0.42248	2.216
37	0.17165	0.37757	2.172
38	0.15354	0.33096	2.1331
39	0.12937	0.28719	2.0992
40	0.11786	0.23854	2.0708
41	0.10521	0.19016	2.0472
42	0.082464	0.14564	2.028
43	0.060673	0.10064	2.0138
44	0.038716	0.055714	2.0046
45	0.014929	0.011735	2.0004
46	0.014929	0.011735	2.0004
47	0.014929	0.011735	2.0004
48	0.014929	0.011735	2.0004
49	0.014929	0.011735	2.0004
50	0.014929	0.011735	2.0004
51	0.014929	0.011735	2.0004
52	0.014929	0.011735	2.0004
53	0.014929	0.011735	2.0004
54	0.014929	0.011735	2.0004
55	0.014929	0.011735	2.0004
56	0.014929	0.011735	2.0004
57	0.014929	0.011735	2.0004
58	0.014929	0.011735	2.0004
59	0.014929	0.011735	2.0004
60	0.014929	0.011735	2.0004
61	0.014929	0.011735	2.0004
62	0.014929	0.011735	2.0004
63	0.014929	0.011735	2.0004
64	0.014929	0.011735	2.0004
65	0.014929	0.011735	2.0004
66	0.014929	0.011735	2.0004
67	0.014929	0.011735	2.0004
68	0.014929	0.011735	2.0004
69	0.014929	0.011735	2.0004
70	0.014929	0.011735	2.0004
71	0.014929	0.011735	2.0004
72	0.014929	0.011735	2.0004
73	0.014929	0.011735	2.0004
74	0.014929	0.011735	2.0004
75	0.014929	0.011735	2.0004
76	0.014929	0.011735	2.0004
77	0.014929	0.011735	2.0004
78	0.014929	0.011735	2.0004
79	0.014929	0.011735	2.0004
80	0.014929	0.011735	2.0004
81	0.014929	0.011735	2.0004
82	0.014929	0.011735	2.0004
83	0.014929	0.011735	2.0004
84	0.014929	0.011735	2.0004
85	0.014929	0.011735	2.0004
86	0.014929	0.011735	2.0004
87	0.014929	0.011735	2.0004
88	0.014929	0.011735	2.0004
89	0.014929	0.011735	2.0004
90	0.014929	0.011735	2.0004
91	0.014929	0.011735	2.0004
92	0.014929	0.011735	2.0004
93	0.014929	0.011735	2.0004
94	0.014929	0.011735	2.0004
95	0.014929	0.011735	2.0004
96	0.014929	0.011735	2.0004
97	0.014929	0.011735	2.0004
98	0.014929	0.011735	2.0004
99	0.014929	0.011735	2.0004
100	0.014929	0.011735	2.0004
101	0.014929	0.011735	2.0004
102	0.014929	0.011735	2.0004
103	0.014929	0.011735	2.0004
104	0.014929	0.011735	2.0004
105	0.014929	0.011735	2.0004
106	0.014929	0.011735	2.0004
107	0.014929	0.011735	2.0004
108	0.014929	0.011735	2.0004
109	0.014929	0.011735	2.0004
110	0.014929	0.011735	2.0004
111	0.014929	0.011735	2.0004
112	0.014929	0.011735	2.0004
113	0.014929	0.011735	2.0004
114	0.014929	0.011735	2.0004
115	0.014929	0.011735	2.0004
116	0.014929	0.011735	2.0004
117	0.014929	0.011735	2.0004
118	0.014929	0.011735	2.0004
119	0.014929	0.011735	2.0004
120	0.014929	0.011735	2.0004
121	0.014929	0.011735	2.0004
122	0.014929	0.011735	2.0004
123	0.014929	0.011735	2.0004
124	0.014929	0.011735	2.0004
125	0.014929	0.011735	2.0004
126	0.014929	0.011735	2.0004
127	0.014929	0.011735	2.0004
128	0.014929	0.011735	2.0004
129	0.014929	0.011735	2.0004
130	0.014929	0.011735	2.0004
131	0.014929	0.011735	2.0004
132	0.014929	0.011735	2.0004
133	0.014929	0.011735	2.0004
134	0.014929	0.011735	2.0004
135	0.014929	0.011735	2.0004
136	0.014929	0.011735	2.0004
137	0.014929	0.011735	2.0004
138	0.014929	0.011735	2.0004
139	0.014929	0.011735	2.0004
140	0.014929	0.011735	2.0004
141	0.014929	0.011735	2.0004
142	0.014929	0.011735	2.0004
143	0.014929	0.011735	2.0004
144	0.014929	0.011735	2.0004
145	0.014929	0.011735	2.0004
146	0.014929	0.011735	2.0004
147	0.014929	0.011735	2.0004
148	0.014929	0.011735	2.0004
149	0.014929	0.011735	2.0004
150	0.014929	0.011735	2.0004
151	0.014929	0.011735	2.0004
152	0.014929	0.011735	2.0004
153	0.014929	0.011735	2.0004
154	0.014929	0.011735	2.0004
155	0.014929	0.011735	2.0004
156	0.014929	0.011735	2.0004
157	0.014929	0.011735	2.0004
158	0.014929	0.011735	2.0004
159	0.014929	0.011735	2.0004
160	0.014929	0.011735	2.0004
161	0.014929	0.011735	2.0004
162	0.014929	0.011735	2.0004
163	0.014929	0.011735	2.0004
164	0.014929	0.011735	2.0004
165	0.014929	0.011735	2.0004
166	0.014929	0.011735	2.0004
167	0.014929	0.011735	2.0004
168	0.014929	0.011735	2.0004
169	0.014929	0.011735	2.0004
170	0.014929	0.011735	2.0004
171	0.014929	0.011735	2.0004
172	0.014929	0.011735	2.0004
173	0.014929	0.011735	2.0004
174	0.014929	0.011735	2.0004
175	0.014929	0.011735	2.0004
176	0.014929	0.011735	2.0004
177	0.014929	0.011735	2.0004
178	0.014929	0.011735	2.0004
179	0.014929	0.011735	2.0004
180	0.014929	0.011735	2.0004
181	0.014929	0.011735	2.0004
182	0.014929	0.011735	2.0004
183	0.014929	0.011735	2.0004
184	0.014929	0.011735	2.0004
185	0.014929	0.011735	2.0004
186	0.014929	0.011735	2.0004
187	0.014929	0.011735	2.0004
188	0.014929	0.011735	2.0004
189	0.014929	0.011735	2.0004
190	0.014929	0.011735	2.0004
191	0.014929	0.011735	2.0004
192	0.014929	0.011735	2.0004
193	0.014929	0.011735	2.0004
194	0.014929	0.011735	2.0004
195	0.014929	0.011735	2.0004
196	0.014929	0.011735	2.0004
197	0.014929	0.011735	2.0004
198	0.014929	0.011735	2.0004
199	0.014929	0.011735	2.0004
200	0.014929	0.011735	2.0004

