0	100	20	10402
1	99.95	20	10392
2	99.9	20	10382
3	99.85	20	10372
4	99.8	20	10362
5	99.75	20	10352
6	99.7	20	10342
7	99.65	20	10332
8	99.6	20	10322
9	99.55	20	10312
10	99.5	20	10302
11	99.45	20	10292
12	99.4	20	10282
13	99.35	20	10272
14	99.3	20	10262
15	99.25	20	10253
16	99.2	20	10243
17	99.15	20	10233
18	99.1	20	10223
19	99.05	20	10213
20	99	20	10203
21	98.95	20	10193
22	98.9	20	10183
23	98.85	20	10173
24	98.8	20	10163
25	98.75	20	10154
26	98.7	20	10144
27	98.65	20	10134
28	98.6	20	10124
29	98.55	20	10114
30	98.5	20	10104
31	98.45	20	10094
32	98.4	20	10085
33	98.35	20	10075
34	98.3	20	10065
35	98.25	20	10055
36	98.2	20	10045
37	98.15	20	10035
38	98.1	20	10026
39	98.05	20	10016
40	98	20	10006
41	97.95	20	9996.2
42	97.9	20	9986.4
43	97.85	20	9976.6
44	97.8	20	9966.8
45	97.75	20	9957.1
46	97.7	20	9947.3
47	97.65	20	9937.5
48	97.6	20	9927.8
49	97.55	20	9918
50	97.5	20	9908.3
51	97.45	20	9898.5
52	97.4	20	9888.8
53	97.35	20	9879
54	97.3	20	9869.3
55	97.25	20	9859.6
56	97.2	20	9849.8
57	97.15	20	9840.1
58	97.1	20	9830.4
59	97.05	20	9820.7
60	97	20	9811
61	96.95	20	9801.3
62	96.9	20	9791.6
63	96.85	20	9781.9
64	96.8	20	9772.2
65	96.75	20	9762.6
66	96.7	20	9752.9
67	96.65	20	9743.2
68	96.6	20	9733.6
69	96.55	20	9723.9
70	96.5	20	9714.3
71	96.45	20	9704.6
72	96.4	20	9695
73	96.35	20	9685.3
74	96.3	20	9675.7
75	96.25	20	9666.1
76	96.2	20	9656.4
77	96.15	20	9646.8
78	96.1	20	9637.2
79	96.05	20	9627.6
80	96	20	9618
81	95.95	20	9608.4
82	95.9	20	9598.8
83	95.85	20	9589.2
84	95.8	20	9579.6
85	95.75	20	9570.1
86	95.7	20	9560.5
87	95.65	20	9550.9
88	95.6	20	9541.4
89	95.55	20	9531.8
90	95.5	20	9522.3
91	95.45	20	9512.7
92	95.4	20	9503.2
93	95.35	20	9493.6
94	95.3	20	9484.1
95	95.25	20	9474.6
96	95.2	20	9465
97	95.15	20	9455.5
98	95.1	20	9446
99	95.05	20	9436.5
100	95	20	9427
101	94.95	20	9417.5
102	94.9	20	9408
103	94.85	20	9398.5
104	94.8	20	9389
105	94.75	20	9379.6
106	94.7	20	9370.1
107	94.65	20	9360.6
108	94.6	20	9351.2
109	94.55	20	9341.7
110	94.5	20	9332.3
111	94.45	20	9322.8
112	94.4	20	9313.4
113	94.35	20	9303.9
114	94.3	20	9294.5
115	94.25	20	9285.1
116	94.2	20	9275.6
117	94.15	20	9266.2
118	94.1	20	9256.8
119	94.05	20	9247.4
120	94	20	9238
121	93.95	20	9228.6
122	93.9	20	9219.2
123	93.85	20	9209.8
124	93.8	20	9200.4
125	93.75	20	9191.1
126	93.7	20	9181.7
127	93.65	20	9172.3
128	93.6	20	9163
129	93.55	20	9153.6
130	93.5	20	9144.3
131	93.45	20	9134.9
132	93.4	20	9125.6
133	93.35	20	9116.2
134	93.3	20	9106.9
135	93.25	20	9097.6
136	93.2	20	9088.2
137	93.15	20	9078.9
138	93.1	20	9069.6
139	93.05	20	9060.3
140	93	20	9051
141	92.95	20	9041.7
142	92.9	20	9032.4
143	92.85	20	9023.1
144	92.8	20	9013.8
145	92.75	20	9004.6
146	92.7	20	8995.3
147	92.65	20	8986
148	92.6	20	8976.8
149	92.55	20	8967.5
150	92.5	20	8958.3
151	92.45	20	8949
152	92.4	20	8939.8
153	92.35	20	8930.5
154	92.3	20	8921.3
155	92.25	20	8912.1
156	92.2	20	8902.8
157	92.15	20	8893.6
158	92.1	20	8884.4
159	92.05	20	8875.2
160	92	20	8866
161	91.95	20	8856.8
162	91.9	20	8847.6
163	91.85	20	8838.4
164	91.8	20	8829.2
165	91.75	20	8820.1
166	91.7	20	8810.9
167	91.65	20	8801.7
168	91.6	20	8792.6
169	91.55	20	8783.4
170	91.5	20	8774.3
171	91.45	20	8765.1
172	91.4	20	8756
173	91.35	20	8746.8
174	91.3	20	8737.7
175	91.25	20	8728.6
176	91.2	20	8719.4
177	91.15	20	8710.3
178	91.1	20	8701.2
179	91.05	20	8692.1
180	91	20	8683
181	90.95	20	8673.9
182	90.9	20	8664.8
183	90.85	20	8655.7
184	90.8	20	8646.6
185	90.75	20	8637.6
186	90.7	20	8628.5
187	90.65	20	8619.4
188	90.6	20	8610.4
189	90.55	20	8601.3
190	90.5	20	8592.3
191	90.45	20	8583.2
192	90.4	20	8574.2
193	90.35	20	8565.1
194	90.3	20	8556.1
195	90.25	20	8547.1
196	90.2	20	8538
197	90.15	20	8529
198	90.1	20	8520
199	90.05	20	8511
200	90	20	8502

