0	100	20	10402
1	90	18	8426
2	81	16.2	6825.4
3	72.9	14.58	5529
4	65.61	13.122	4478.9
5	59.049	11.81	3628.3
6	53.144	10.629	2939.3
7	47.83	9.5659	2381.2
8	43.047	8.6093	1929.1
9	38.742	7.7484	1563
10	34.868	6.9736	1266.4
11	31.381	6.2762	1026.2
12	28.243	5.6486	831.57
13	25.419	5.0837	673.95
14	22.877	4.5754	546.28
15	20.589	4.1178	442.87
16	18.53	3.706	359.1
17	16.677	3.3354	291.25
18	15.009	3.0019	236.3
19	13.509	2.7017	191.78
20	12.158	2.4315	155.72
21	10.942	2.1884	126.51
22	9.8477	1.9695	102.86
23	8.8629	1.7726	83.694
24	7.9766	1.5953	68.172
25	7.179	1.4358	55.599
26	6.4611	1.2922	45.415
27	5.815	1.163	37.166
28	5.2335	1.0467	30.485
29	4.7101	0.94203	25.073
30	4.2391	0.84782	20.689
31	3.8152	0.76304	17.138
32	3.4337	0.68674	14.262
33	3.0903	0.61806	11.932
34	2.7813	0.55626	10.045
35	2.5032	0.50063	8.5164
36	2.2528	0.45057	7.2783
37	2.0276	0.40551	6.2754
38	1.8248	0.36496	5.4631
39	1.6423	0.32846	4.8051
40	1.4781	0.29562	4.2721
41	1.3303	0.26606	3.8404
42	1.1973	0.23945	3.4907
43	1.0775	0.21551	3.2075
44	0.96977	0.19395	2.9781
45	0.8728	0.17456	2.7922
46	0.78552	0.1571	2.6417
47	0.70697	0.14139	2.5198
48	0.63627	0.12725	2.421
49	0.57264	0.11453	2.341
50	0.51538	0.10308	2.2762
51	0.46384	0.092768	2.2238
52	0.41746	0.083491	2.1812
53	0.37571	0.075142	2.1468
54	0.33814	0.067628	2.1189
55	0.30433	0.060865	2.0963
56	0.27389	0.054779	2.078
57	0.2465	0.049301	2.0632
58	0.22185	0.044371	2.0512
59	0.19967	0.039934	2.0415
60	0.1797	0.03594	2.0336
61	0.16173	0.032346	2.0272
62	0.14556	0.029112	2.022
63	0.131	0.0262	2.0178
64	0.1179	0.02358	2.0145
65	0.10611	0.021222	2.0117
66	0.0955	0.0191	2.0095
67	0.08595	0.01719	2.0077
68	0.077355	0.015471	2.0062
69	0.06962	0.013924	2.005
70	0.062658	0.012532	2.0041
71	0.056392	0.011278	2.0033
72	0.050753	0.010151	2.0027
73	0.045678	0.0091355	2.0022
74	0.04111	0.008222	2.0018
75	0.036999	0.0073998	2.0014
76	0.033299	0.0066598	2.0012
77	0.029969	0.0059938	2.0009
78	0.026972	0.0053944	2.0008
79	0.024275	0.004855	2.0006
80	0.021847	0.0043695	2.0005
81	0.019663	0.0039325	2.0004
82	0.017696	0.0035393	2.0003
83	0.015927	0.0031854	2.0003
84	0.014334	0.0028668	2.0002
85	0.012901	0.0025801	2.0002
86	0.011611	0.0023221	2.0001
87	0.01045	0.0020899	2.0001
88	0.0094046	0.0018809	2.0001
89	0.0084641	0.0016928	2.0001
90	0.0076177	0.0015235	2.0001
91	0.006856	0.0013712	2
92	0.0061704	0.0012341	2
93	0.0055533	0.0011107	2
94	0.004998	0.0009996	2
95	0.0044982	0.00089964	2
96	0.0040484	0.00080968	2
97	0.0036435	0.00072871	2
98	0.0032792	0.00065584	2
99	0.0029513	0.00059025	2
100	0.0026561	0.00053123	2
101	0.0023905	0.00047811	2
102	0.0021515	0.00043029	2
103	0.0019363	0.00038727	2
104	0.0017427	0.00034854	2
105	0.0015684	0.00031368	2
106	0.0014116	0.00028232	2
107	0.0012704	0.00025408	2
108	0.0011434	0.00022868	2
109	0.001029	0.00020581	2
110	0.00092614	0.00018523	2
111	0.00083352	0.0001667	2
112	0.00075017	0.00015003	2
113	0.00067516	0.00013503	2
114	0.00060764	0.00012153	2
115	0.00054688	0.00010938	2
116	0.00049219	9.8438e-05	2
117	0.00044297	8.8594e-05	2
118	0.00039867	7.9734e-05	2
119	0.00035881	7.1761e-05	2
120	0.00032292	6.4585e-05	2
121	0.00029063	5.8126e-05	2
122	0.00026157	5.2314e-05	2
123	0.00023541	4.7082e-05	2
124	0.00021187	4.2374e-05	2
125	0.00019068	3.8137e-05	2
126	0.00017162	3.4323e-05	2
127	0.00015445	3.0891e-05	2
128	0.00013901	2.7802e-05	2
129	0.00012511	2.5022e-05	2
130	0.0001126	2.2519e-05	2
131	0.00010134	2.0267e-05	2
132	9.1203e-05	1.8241e-05	2
133	8.2083e-05	1.6417e-05	2
134	7.3875e-05	1.4775e-05	2
135	6.6487e-05	1.3297e-05	2
136	5.9839e-05	1.1968e-05	2
137	5.3855e-05	1.0771e-05	2
138	4.8469e-05	9.6939e-06	2
139	4.3622e-05	8.7245e-06	2
140	3.926e-05	7.852e-06	2
141	3.5334e-05	7.0668e-06	2
142	3.1801e-05	6.3601e-06	2
143	2.8621e-05	5.7241e-06	2
144	2.5759e-05	5.1517e-06	2
145	2.3183e-05	4.6365e-06	2
146	2.0864e-05	4.1729e-06	2
147	1.8778e-05	3.7556e-06	2
148	1.69e-05	3.38e-06	2
149	1.521e-05	3.042e-06	2
150	1.3689e-05	2.7378e-06	2
151	1.232e-05	2.464e-06	2
152	1.1088e-05	2.2176e-06	2
153	9.9794e-06	1.9959e-06	2
154	8.9814e-06	1.7963e-06	2
155	8.0833e-06	1.6167e-06	2
156	7.275e-06	1.455e-06	2
157	6.5475e-06	1.3095e-06	2
158	5.8927e-06	1.1785e-06	2
159	5.3035e-06	1.0607e-06	2
160	4.7731e-06	9.5462e-07	2
161	4.2958e-06	8.5916e-07	2
162	3.8662e-06	7.7324e-07	2
163	3.4796e-06	6.9592e-07	2
164	3.1316e-06	6.2633e-07	2
165	2.8185e-06	5.6369e-07	2
166	2.5366e-06	5.0733e-07	2
167	2.283e-06	4.5659e-07	2
168	2.0547e-06	4.1093e-07	2
169	1.8492e-06	3.6984e-07	2
170	1.6643e-06	3.3286e-07	2
171	1.4979e-06	2.9957e-07	2
172	1.3481e-06	2.6961e-07	2
173	1.2133e-06	2.4265e-07	2
174	1.0919e-06	2.1839e-07	2
175	9.8274e-07	1.9655e-07	2
176	8.8447e-07	1.7689e-07	2
177	7.9602e-07	1.592e-07	2
178	7.1642e-07	1.4328e-07	2
179	6.4478e-07	1.2896e-07	2
180	5.803e-07	1.1606e-07	2
181	5.2227e-07	1.0445e-07	2
182	4.7004e-07	9.4008e-08	2
183	4.2304e-07	8.4608e-08	2
184	3.8073e-07	7.6147e-08	2
185	3.4266e-07	6.8532e-08	2
186	3.0839e-07	6.1679e-08	2
187	2.7756e-07	5.5511e-08	2
188	2.498e-07	4.996e-08	2
189	2.2482e-07	4.4964e-08	2
190	2.0234e-07	4.0468e-08	2
191	1.821e-07	3.6421e-08	2
192	1.6389e-07	3.2779e-08	2
193	1.475e-07	2.9501e-08	2
194	1.3275e-07	2.6551e-08	2
195	1.1948e-07	2.3896e-08	2
196	1.0753e-07	2.1506e-08	2
197	9.6777e-08	1.9356e-08	2
198	8.71e-08	1.742e-08	2
199	7.839e-08	1.5678e-08	2
200	7.0551e-08	1.411e-08	2
yes
