0	1	2	7
1	1	1.95	6.8025
2	1	1.9	6.61
3	1	1.85	6.4225
4	1	1.8	6.24
5	1	1.75	6.0625
6	1	1.7	5.89
7	1	1.65	5.7225
8	1	1.6	5.56
9	1	1.55	5.4025
10	1	1.5	5.25
11	1	1.45	5.1025
12	1	1.4	4.96
13	1	1.35	4.8225
14	1	1.3	4.69
15	1	1.25	4.5625
16	1	1.2	4.44
17	1	1.15	4.3225
18	1	1.1	4.21
19	1	1.05	4.1025
20	1	1	4
21	1	0.95	3.9025
22	0.95	0.95	3.805
23	0.95	0.9	3.7125
24	0.9	0.9	3.62
25	0.9	0.85	3.5325
26	0.85	0.85	3.445
27	0.85	0.8	3.3625
28	0.8	0.8	3.28
29	0.8	0.75	3.2025
30	0.75	0.75	3.125
31	0.75	0.7	3.0525
32	0.7	0.7	2.98
33	0.7	0.65	2.9125
34	0.65	0.65	2.845
35	0.65	0.6	2.7825
36	0.6	0.6	2.72
37	0.55	0.6	2.6625
38	0.55	0.55	2.605
39	0.55	0.5	2.5525
40	0.5	0.5	2.5
41	0.5	0.45	2.4525
42	0.45	0.45	2.405
43	0.45	0.4	2.3625
44	0.4	0.4	2.32
45	0.4	0.35	2.2825
46	0.35	0.35	2.245
47	0.35	0.3	2.2125
48	0.3	0.3	2.18
49	0.3	0.25	2.1525
50	0.25	0.25	2.125
51	0.25	0.2	2.1025
52	0.2	0.2	2.08
53	0.2	0.15	2.0625
54	0.15	0.15	2.045
55	0.15	0.1	2.0325
56	0.1	0.1	2.02
57	0.1	0.05	2.0125
58	0.05	0.05	2.005
59	0.05	-1.2074e-15	2.0025
60	-3.1919e-16	-1.2074e-15	2
61	-3.1919e-16	-1.2074e-15	2

