0	1	2	7
1	0.95	2	6.9025
2	0.95	1.95	6.705
3	0.9	1.95	6.6125
4	0.9	1.9	6.42
5	0.85	1.9	6.3325
6	0.85	1.85	6.145
7	0.8	1.85	6.0625
8	0.8	1.8	5.88
9	0.75	1.8	5.8025
10	0.75	1.75	5.625
11	0.7	1.75	5.5525
12	0.7	1.7	5.38
13	0.65	1.7	5.3125
14	0.65	1.65	5.145
15	0.6	1.65	5.0825
16	0.6	1.6	4.92
17	0.55	1.6	4.8625
18	0.55	1.55	4.705
19	0.5	1.55	4.6525
20	0.5	1.5	4.5
21	0.45	1.5	4.4525
22	0.45	1.45	4.305
23	0.4	1.45	4.2625
24	0.4	1.4	4.12
25	0.35	1.4	4.0825
26	0.35	1.35	3.945
27	0.3	1.35	3.9125
28	0.3	1.3	3.78
29	0.25	1.3	3.7525
30	0.25	1.25	3.625
31	0.2	1.25	3.6025
32	0.2	1.2	3.48
33	0.15	1.2	3.4625
34	0.15	1.15	3.345
35	0.1	1.15	3.3325
36	0.1	1.1	3.22
37	0.05	1.1	3.2125
38	0.05	1.05	3.105
39	-3.1919e-16	1.05	3.1025
40	-3.1919e-16	1	3
41	-3.1919e-16	1	3
42	-3.1919e-16	0.95	2.9025
43	-3.1919e-16	0.95	2.9025
44	-3.1919e-16	0.9	2.81
45	-3.1919e-16	0.9	2.81
46	-3.1919e-16	0.85	2.7225
47	-3.1919e-16	0.85	2.7225
48	-3.1919e-16	0.8	2.64
49	-3.1919e-16	0.8	2.64
50	-3.1919e-16	0.75	2.5625
51	-3.1919e-16	0.75	2.5625
52	-3.1919e-16	0.7	2.49
53	-3.1919e-16	0.7	2.49
54	-3.1919e-16	0.65	2.4225
55	-3.1919e-16	0.65	2.4225
56	-3.1919e-16	0.6	2.36
57	-3.1919e-16	0.6	2.36
58	-3.1919e-16	0.55	2.3025
59	-3.1919e-16	0.55	2.3025
60	-3.1919e-16	0.5	2.25
61	-3.1919e-16	0.5	2.25
62	-3.1919e-16	0.45	2.2025
63	-3.1919e-16	0.45	2.2025
64	-3.1919e-16	0.4	2.16
65	-3.1919e-16	0.4	2.16
66	-3.1919e-16	0.35	2.1225
67	-3.1919e-16	0.35	2.1225
68	-3.1919e-16	0.3	2.09
69	-3.1919e-16	0.3	2.09
70	-3.1919e-16	0.25	2.0625
71	-3.1919e-16	0.25	2.0625
72	-3.1919e-16	0.2	2.04
73	-3.1919e-16	0.2	2.04
74	-3.1919e-16	0.15	2.0225
75	-3.1919e-16	0.15	2.0225
76	-3.1919e-16	0.1	2.01
77	-3.1919e-16	0.1	2.01
78	-3.1919e-16	0.05	2.0025
79	-3.1919e-16	0.05	2.0025
80	-3.1919e-16	-1.2074e-15	2
81	-3.1919e-16	-1.2074e-15	2
82	-3.1919e-16	-1.2074e-15	2

