0	1	2.03	7.1209
1	0.99476	1.9803	6.911
2	0.98343	1.9316	6.6981
3	0.96141	1.8867	6.4839
4	0.94562	1.8392	6.277
5	0.92543	1.7935	6.0731
6	0.90935	1.7462	5.876
7	0.88393	1.7031	5.6819
8	0.85766	1.6606	5.493
9	0.83718	1.6149	5.3089
10	0.80988	1.5731	5.1304
11	0.78932	1.5275	4.9562
12	0.76898	1.4818	4.7871
13	0.74352	1.4388	4.6229
14	0.72156	1.3938	4.4635
15	0.71192	1.3448	4.3153
16	0.68602	1.302	4.1659
17	0.64943	1.2679	4.0294
18	0.6277	1.2229	3.8895
19	0.59755	1.183	3.7566
20	0.56669	1.1437	3.6292
21	0.54632	1.098	3.5041
22	0.53166	1.0502	3.3856
23	0.50642	1.0071	3.2706
24	0.48108	0.96395	3.1606
25	0.46408	0.91693	3.0561
26	0.43904	0.87366	2.956
27	0.41458	0.83005	2.8609
28	0.39	0.78651	2.7707
29	0.36948	0.74091	2.6855
30	0.34525	0.69717	2.6052
31	0.33063	0.64936	2.531
32	0.29936	0.61035	2.4621
33	0.2818	0.56353	2.397
34	0.26469	0.51655	2.3369
35	0.24117	0.47243	2.2813
36	0.21924	0.42749	2.2308
37	0.19902	0.38176	2.1854
38	0.17616	0.33729	2.1448
39	0.15865	0.29046	2.1095
40	0.13082	0.24892	2.0791
41	0.093821	0.21529	2.0552
42	0.074422	0.16921	2.0342
43	0.051693	0.12467	2.0182
44	0.031327	0.079008	2.0072
45	0.0026352	0.03806	2.0015
46	-0.0021533	-0.011711	2.0001
47	-0.0021533	-0.011711	2.0001
48	-0.0021533	-0.011711	2.0001
49	-0.0021533	-0.011711	2.0001
50	-0.0021533	-0.011711	2.0001
51	-0.0021533	-0.011711	2.0001
52	-0.0021533	-0.011711	2.0001
53	-0.0021533	-0.011711	2.0001
54	-0.0021533	-0.011711	2.0001
55	-0.0021533	-0.011711	2.0001
56	-0.0021533	-0.011711	2.0001
57	-0.0021533	-0.011711	2.0001
58	-0.0021533	-0.011711	2.0001
59	-0.0021533	-0.011711	2.0001
60	-0.0021533	-0.011711	2.0001
61	-0.0021533	-0.011711	2.0001
62	-0.0021533	-0.011711	2.0001
63	-0.0021533	-0.011711	2.0001
64	-0.0021533	-0.011711	2.0001
65	-0.0021533	-0.011711	2.0001
66	-0.0021533	-0.011711	2.0001
67	-0.0021533	-0.011711	2.0001
68	-0.0021533	-0.011711	2.0001
69	-0.0021533	-0.011711	2.0001
70	-0.0021533	-0.011711	2.0001
71	-0.0021533	-0.011711	2.0001
72	-0.0021533	-0.011711	2.0001
73	-0.0021533	-0.011711	2.0001
74	-0.0021533	-0.011711	2.0001
75	-0.0021533	-0.011711	2.0001
76	-0.0021533	-0.011711	2.0001
77	-0.0021533	-0.011711	2.0001
78	-0.0021533	-0.011711	2.0001
79	-0.0021533	-0.011711	2.0001
80	-0.0021533	-0.011711	2.0001
81	-0.0021533	-0.011711	2.0001
82	-0.0021533	-0.011711	2.0001
83	-0.0021533	-0.011711	2.0001
84	-0.0021533	-0.011711	2.0001
85	-0.0021533	-0.011711	2.0001
86	-0.0021533	-0.011711	2.0001
87	-0.0021533	-0.011711	2.0001
88	-0.0021533	-0.011711	2.0001
89	-0.0021533	-0.011711	2.0001
90	-0.0021533	-0.011711	2.0001
91	-0.0021533	-0.011711	2.0001
92	-0.0021533	-0.011711	2.0001
93	-0.0021533	-0.011711	2.0001
94	-0.0021533	-0.011711	2.0001
95	-0.0021533	-0.011711	2.0001
96	-0.0021533	-0.011711	2.0001
97	-0.0021533	-0.011711	2.0001
98	-0.0021533	-0.011711	2.0001
99	-0.0021533	-0.011711	2.0001
100	-0.0021533	-0.011711	2.0001
101	-0.0021533	-0.011711	2.0001
102	-0.0021533	-0.011711	2.0001
103	-0.0021533	-0.011711	2.0001
104	-0.0021533	-0.011711	2.0001
105	-0.0021533	-0.011711	2.0001
106	-0.0021533	-0.011711	2.0001
107	-0.0021533	-0.011711	2.0001
108	-0.0021533	-0.011711	2.0001
109	-0.0021533	-0.011711	2.0001
110	-0.0021533	-0.011711	2.0001
111	-0.0021533	-0.011711	2.0001
112	-0.0021533	-0.011711	2.0001
113	-0.0021533	-0.011711	2.0001
114	-0.0021533	-0.011711	2.0001
115	-0.0021533	-0.011711	2.0001
116	-0.0021533	-0.011711	2.0001
117	-0.0021533	-0.011711	2.0001
118	-0.0021533	-0.011711	2.0001
119	-0.0021533	-0.011711	2.0001
120	-0.0021533	-0.011711	2.0001
121	-0.0021533	-0.011711	2.0001
122	-0.0021533	-0.011711	2.0001
123	-0.0021533	-0.011711	2.0001
124	-0.0021533	-0.011711	2.0001
125	-0.0021533	-0.011711	2.0001
126	-0.0021533	-0.011711	2.0001
127	-0.0021533	-0.011711	2.0001
128	-0.0021533	-0.011711	2.0001
129	-0.0021533	-0.011711	2.0001
130	-0.0021533	-0.011711	2.0001
131	-0.0021533	-0.011711	2.0001
132	-0.0021533	-0.011711	2.0001
133	-0.0021533	-0.011711	2.0001
134	-0.0021533	-0.011711	2.0001
135	-0.0021533	-0.011711	2.0001
136	-0.0021533	-0.011711	2.0001
137	-0.0021533	-0.011711	2.0001
138	-0.0021533	-0.011711	2.0001
139	-0.0021533	-0.011711	2.0001
140	-0.0021533	-0.011711	2.0001
141	-0.0021533	-0.011711	2.0001
142	-0.0021533	-0.011711	2.0001
143	-0.0021533	-0.011711	2.0001
144	-0.0021533	-0.011711	2.0001
145	-0.0021533	-0.011711	2.0001
146	-0.0021533	-0.011711	2.0001
147	-0.0021533	-0.011711	2.0001
148	-0.0021533	-0.011711	2.0001
149	-0.0021533	-0.011711	2.0001
150	-0.0021533	-0.011711	2.0001
151	-0.0021533	-0.011711	2.0001
152	-0.0021533	-0.011711	2.0001
153	-0.0021533	-0.011711	2.0001
154	-0.0021533	-0.011711	2.0001
155	-0.0021533	-0.011711	2.0001
156	-0.0021533	-0.011711	2.0001
157	-0.0021533	-0.011711	2.0001
158	-0.0021533	-0.011711	2.0001
159	-0.0021533	-0.011711	2.0001
160	-0.0021533	-0.011711	2.0001
161	-0.0021533	-0.011711	2.0001
162	-0.0021533	-0.011711	2.0001
163	-0.0021533	-0.011711	2.0001
164	-0.0021533	-0.011711	2.0001
165	-0.0021533	-0.011711	2.0001
166	-0.0021533	-0.011711	2.0001
167	-0.0021533	-0.011711	2.0001
168	-0.0021533	-0.011711	2.0001
169	-0.0021533	-0.011711	2.0001
170	-0.0021533	-0.011711	2.0001
171	-0.0021533	-0.011711	2.0001
172	-0.0021533	-0.011711	2.0001
173	-0.0021533	-0.011711	2.0001
174	-0.0021533	-0.011711	2.0001
175	-0.0021533	-0.011711	2.0001
176	-0.0021533	-0.011711	2.0001
177	-0.0021533	-0.011711	2.0001
178	-0.0021533	-0.011711	2.0001
179	-0.0021533	-0.011711	2.0001
180	-0.0021533	-0.011711	2.0001
181	-0.0021533	-0.011711	2.0001
182	-0.0021533	-0.011711	2.0001
183	-0.0021533	-0.011711	2.0001
184	-0.0021533	-0.011711	2.0001
185	-0.0021533	-0.011711	2.0001
186	-0.0021533	-0.011711	2.0001
187	-0.0021533	-0.011711	2.0001
188	-0.0021533	-0.011711	2.0001
189	-0.0021533	-0.011711	2.0001
190	-0.0021533	-0.011711	2.0001
191	-0.0021533	-0.011711	2.0001
192	-0.0021533	-0.011711	2.0001
193	-0.0021533	-0.011711	2.0001
194	-0.0021533	-0.011711	2.0001
195	-0.0021533	-0.011711	2.0001
196	-0.0021533	-0.011711	2.0001
197	-0.0021533	-0.011711	2.0001
198	-0.0021533	-0.011711	2.0001
199	-0.0021533	-0.011711	2.0001
200	-0.0021533	-0.011711	2.0001

