0	1	2.03	7.1209
1	1	1.98	6.9204
2	1	1.93	6.7249
3	1	1.88	6.5344
4	1	1.83	6.3489
5	1	1.78	6.1684
6	1	1.73	5.9929
7	1	1.68	5.8224
8	1	1.63	5.6569
9	1	1.58	5.4964
10	1	1.53	5.3409
11	1	1.48	5.1904
12	1	1.43	5.0449
13	1	1.38	4.9044
14	1	1.33	4.7689
15	1	1.28	4.6384
16	1	1.23	4.5129
17	1	1.18	4.3924
18	1	1.13	4.2769
19	1	1.08	4.1664
20	1	1.03	4.0609
21	1	0.98	3.9604
22	0.95	0.98	3.8629
23	0.95	0.93	3.7674
24	0.9	0.93	3.6749
25	0.9	0.88	3.5844
26	0.85	0.88	3.4969
27	0.85	0.83	3.4114
28	0.8	0.83	3.3289
29	0.8	0.78	3.2484
30	0.75	0.78	3.1709
31	0.75	0.73	3.0954
32	0.7	0.73	3.0229
33	0.7	0.68	2.9524
34	0.65	0.68	2.8849
35	0.65	0.63	2.8194
36	0.6	0.63	2.7569
37	0.6	0.58	2.6964
38	0.55	0.58	2.6389
39	0.55	0.53	2.5834
40	0.5	0.53	2.5309
41	0.5	0.48	2.4804
42	0.45	0.48	2.4329
43	0.45	0.43	2.3874
44	0.4	0.43	2.3449
45	0.4	0.38	2.3044
46	0.35	0.38	2.2669
47	0.35	0.33	2.2314
48	0.3	0.33	2.1989
49	0.3	0.28	2.1684
50	0.25	0.28	2.1409
51	0.25	0.23	2.1154
52	0.2	0.23	2.0929
53	0.2	0.18	2.0724
54	0.15	0.18	2.0549
55	0.15	0.13	2.0394
56	0.1	0.13	2.0269
57	0.1	0.08	2.0164
58	0.05	0.08	2.0089
59	0.05	0.03	2.0034
60	-3.1919e-16	0.03	2.0009
61	-3.1919e-16	-0.02	2.0004
62	-3.1919e-16	-0.02	2.0004

