0	1	2.03	7.1209
1	0.95	2.03	7.0234
2	0.95	1.98	6.8229
3	0.9	1.98	6.7304
4	0.9	1.93	6.5349
5	0.85	1.93	6.4474
6	0.85	1.88	6.2569
7	0.8	1.88	6.1744
8	0.8	1.83	5.9889
9	0.75	1.83	5.9114
10	0.75	1.78	5.7309
11	0.7	1.78	5.6584
12	0.7	1.73	5.4829
13	0.65	1.73	5.4154
14	0.65	1.68	5.2449
15	0.6	1.68	5.1824
16	0.6	1.63	5.0169
17	0.55	1.63	4.9594
18	0.55	1.58	4.7989
19	0.5	1.58	4.7464
20	0.5	1.53	4.5909
21	0.45	1.53	4.5434
22	0.45	1.48	4.3929
23	0.4	1.48	4.3504
24	0.4	1.43	4.2049
25	0.35	1.43	4.1674
26	0.35	1.38	4.0269
27	0.3	1.38	3.9944
28	0.3	1.33	3.8589
29	0.25	1.33	3.8314
30	0.25	1.28	3.7009
31	0.2	1.28	3.6784
32	0.2	1.23	3.5529
33	0.15	1.23	3.5354
34	0.15	1.18	3.4149
35	0.1	1.18	3.4024
36	0.1	1.13	3.2869
37	0.05	1.13	3.2794
38	0.05	1.08	3.1689
39	-3.1919e-16	1.08	3.1664
40	-3.1919e-16	1.03	3.0609
41	-3.1919e-16	1.03	3.0609
42	-3.1919e-16	0.98	2.9604
43	-3.1919e-16	0.98	2.9604
44	-3.1919e-16	0.93	2.8649
45	-3.1919e-16	0.93	2.8649
46	-3.1919e-16	0.88	2.7744
47	-3.1919e-16	0.88	2.7744
48	-3.1919e-16	0.83	2.6889
49	-3.1919e-16	0.83	2.6889
50	-3.1919e-16	0.78	2.6084
51	-3.1919e-16	0.78	2.6084
52	-3.1919e-16	0.73	2.5329
53	-3.1919e-16	0.73	2.5329
54	-3.1919e-16	0.68	2.4624
55	-3.1919e-16	0.68	2.4624
56	-3.1919e-16	0.63	2.3969
57	-3.1919e-16	0.63	2.3969
58	-3.1919e-16	0.58	2.3364
59	-3.1919e-16	0.58	2.3364
60	-3.1919e-16	0.53	2.2809
61	-3.1919e-16	0.53	2.2809
62	-3.1919e-16	0.48	2.2304
63	-3.1919e-16	0.48	2.2304
64	-3.1919e-16	0.43	2.1849
65	-3.1919e-16	0.43	2.1849
66	-3.1919e-16	0.38	2.1444
67	-3.1919e-16	0.38	2.1444
68	-3.1919e-16	0.33	2.1089
69	-3.1919e-16	0.33	2.1089
70	-3.1919e-16	0.28	2.0784
71	-3.1919e-16	0.28	2.0784
72	-3.1919e-16	0.23	2.0529
73	-3.1919e-16	0.23	2.0529
74	-3.1919e-16	0.18	2.0324
75	-3.1919e-16	0.18	2.0324
76	-3.1919e-16	0.13	2.0169
77	-3.1919e-16	0.13	2.0169
78	-3.1919e-16	0.08	2.0064
79	-3.1919e-16	0.08	2.0064
80	-3.1919e-16	0.03	2.0009
81	-3.1919e-16	0.03	2.0009
82	-3.1919e-16	-0.02	2.0004
83	-3.1919e-16	-0.02	2.0004
84	-3.1919e-16	-0.02	2.0004

