0	1	2	7
1	0.9	1.8	6.05
2	0.81	1.62	5.2805
3	0.729	1.458	4.6572
4	0.6561	1.3122	4.1523
5	0.59049	1.181	3.7434
6	0.53144	1.0629	3.4121
7	0.4783	0.95659	3.1438
8	0.43047	0.86093	2.9265
9	0.38742	0.77484	2.7505
10	0.34868	0.69736	2.6079
11	0.31381	0.62762	2.4924
12	0.28243	0.56486	2.3988
13	0.25419	0.50837	2.3231
14	0.22877	0.45754	2.2617
15	0.20589	0.41178	2.212
16	0.1853	0.3706	2.1717
17	0.16677	0.33354	2.1391
18	0.15009	0.30019	2.1126
19	0.13509	0.27017	2.0912
20	0.12158	0.24315	2.0739
21	0.10942	0.21884	2.0599
22	0.098477	0.19695	2.0485
23	0.088629	0.17726	2.0393
24	0.079766	0.15953	2.0318
25	0.07179	0.14358	2.0258
26	0.064611	0.12922	2.0209
27	0.05815	0.1163	2.0169
28	0.052335	0.10467	2.0137
29	0.047101	0.094203	2.0111
30	0.042391	0.084782	2.009
31	0.038152	0.076304	2.0073
32	0.034337	0.068674	2.0059
33	0.030903	0.061806	2.0048
34	0.027813	0.055626	2.0039
35	0.025032	0.050063	2.0031
36	0.022528	0.045057	2.0025
37	0.020276	0.040551	2.0021
38	0.018248	0.036496	2.0017
39	0.016423	0.032846	2.0013
40	0.014781	0.029562	2.0011
41	0.013303	0.026606	2.0009
42	0.011973	0.023945	2.0007
43	0.010775	0.021551	2.0006
44	0.0096977	0.019395	2.0005
45	0.008728	0.017456	2.0004
46	0.0078552	0.01571	2.0003
47	0.0070697	0.014139	2.0002
48	0.0063627	0.012725	2.0002
49	0.0057264	0.011453	2.0002
50	0.0051538	0.010308	2.0001
51	0.0046384	0.0092768	2.0001
52	0.0041746	0.0083491	2.0001
53	0.0037571	0.0075142	2.0001
54	0.0033814	0.0067628	2.0001
55	0.0030433	0.0060865	2
56	0.0027389	0.0054779	2
57	0.002465	0.0049301	2
58	0.0022185	0.0044371	2
59	0.0019967	0.0039934	2
60	0.001797	0.003594	2
61	0.0016173	0.0032346	2
62	0.0014556	0.0029112	2
63	0.00131	0.00262	2
64	0.001179	0.002358	2
65	0.0010611	0.0021222	2
66	0.000955	0.00191	2
67	0.0008595	0.001719	2
68	0.00077355	0.0015471	2
69	0.0006962	0.0013924	2
70	0.00062658	0.0012532	2
71	0.00056392	0.0011278	2
72	0.00050753	0.0010151	2
73	0.00045678	0.00091355	2
74	0.0004111	0.0008222	2
75	0.00036999	0.00073998	2
76	0.00033299	0.00066598	2
77	0.00029969	0.00059938	2
78	0.00026972	0.00053944	2
79	0.00024275	0.0004855	2
80	0.00021847	0.00043695	2
81	0.00019663	0.00039325	2
82	0.00017696	0.00035393	2
83	0.00015927	0.00031854	2
84	0.00014334	0.00028668	2
85	0.00012901	0.00025801	2
86	0.00011611	0.00023221	2
87	0.0001045	0.00020899	2
88	9.4046e-05	0.00018809	2
89	8.4641e-05	0.00016928	2
90	7.6177e-05	0.00015235	2
91	6.856e-05	0.00013712	2
92	6.1704e-05	0.00012341	2
93	5.5533e-05	0.00011107	2
94	4.998e-05	9.996e-05	2
95	4.4982e-05	8.9964e-05	2
96	4.0484e-05	8.0968e-05	2
97	3.6435e-05	7.2871e-05	2
98	3.2792e-05	6.5584e-05	2
99	2.9513e-05	5.9025e-05	2
100	2.6561e-05	5.3123e-05	2
101	2.3905e-05	4.7811e-05	2
102	2.1515e-05	4.3029e-05	2
103	1.9363e-05	3.8727e-05	2
104	1.7427e-05	3.4854e-05	2
105	1.5684e-05	3.1368e-05	2
106	1.4116e-05	2.8232e-05	2
107	1.2704e-05	2.5408e-05	2
108	1.1434e-05	2.2868e-05	2
109	1.029e-05	2.0581e-05	2
110	9.2614e-06	1.8523e-05	2
111	8.3352e-06	1.667e-05	2
112	7.5017e-06	1.5003e-05	2
113	6.7516e-06	1.3503e-05	2
114	6.0764e-06	1.2153e-05	2
115	5.4688e-06	1.0938e-05	2
116	4.9219e-06	9.8438e-06	2
117	4.4297e-06	8.8594e-06	2
118	3.9867e-06	7.9734e-06	2
119	3.5881e-06	7.1761e-06	2
120	3.2292e-06	6.4585e-06	2
121	2.9063e-06	5.8126e-06	2
122	2.6157e-06	5.2314e-06	2
123	2.3541e-06	4.7082e-06	2
124	2.1187e-06	4.2374e-06	2
125	1.9068e-06	3.8137e-06	2
126	1.7162e-06	3.4323e-06	2
127	1.5445e-06	3.0891e-06	2
128	1.3901e-06	2.7802e-06	2
129	1.2511e-06	2.5022e-06	2
130	1.126e-06	2.2519e-06	2
131	1.0134e-06	2.0267e-06	2
132	9.1203e-07	1.8241e-06	2
133	8.2083e-07	1.6417e-06	2
134	7.3875e-07	1.4775e-06	2
135	6.6487e-07	1.3297e-06	2
136	5.9839e-07	1.1968e-06	2
137	5.3855e-07	1.0771e-06	2
138	4.8469e-07	9.6939e-07	2
139	4.3622e-07	8.7245e-07	2
140	3.926e-07	7.852e-07	2
141	3.5334e-07	7.0668e-07	2
142	3.1801e-07	6.3601e-07	2
143	2.8621e-07	5.7241e-07	2
144	2.5759e-07	5.1517e-07	2
145	2.3183e-07	4.6365e-07	2
146	2.0864e-07	4.1729e-07	2
147	1.8778e-07	3.7556e-07	2
148	1.69e-07	3.38e-07	2
149	1.521e-07	3.042e-07	2
150	1.3689e-07	2.7378e-07	2
151	1.232e-07	2.464e-07	2
152	1.1088e-07	2.2176e-07	2
153	9.9794e-08	1.9959e-07	2
154	8.9815e-08	1.7963e-07	2
155	8.0833e-08	1.6167e-07	2
156	7.275e-08	1.455e-07	2
157	6.5475e-08	1.3095e-07	2
158	5.8927e-08	1.1785e-07	2
159	5.3035e-08	1.0607e-07	2
160	4.7731e-08	9.5462e-08	2
161	4.2958e-08	8.5916e-08	2
162	3.8662e-08	7.7324e-08	2
163	3.4796e-08	6.9592e-08	2
164	3.1316e-08	6.2633e-08	2
165	2.8185e-08	5.6369e-08	2
166	2.5366e-08	5.0733e-08	2
167	2.283e-08	4.5659e-08	2
168	2.0547e-08	4.1093e-08	2
169	1.8492e-08	3.6984e-08	2
170	1.6643e-08	3.3286e-08	2
171	1.4979e-08	2.9957e-08	2
172	1.3481e-08	2.6961e-08	2
173	1.2133e-08	2.4265e-08	2
174	1.0919e-08	2.1839e-08	2
175	9.8274e-09	1.9655e-08	2
176	8.8447e-09	1.7689e-08	2
177	7.9602e-09	1.592e-08	2
178	7.1642e-09	1.4328e-08	2
179	6.4478e-09	1.2896e-08	2
180	5.803e-09	1.1606e-08	2
181	5.2227e-09	1.0445e-08	2
182	4.7004e-09	9.4008e-09	2
183	4.2304e-09	8.4608e-09	2
184	3.8073e-09	7.6147e-09	2
185	3.4266e-09	6.8532e-09	2
186	3.0839e-09	6.1679e-09	2
187	2.7756e-09	5.5511e-09	2
188	2.498e-09	4.996e-09	2
189	2.2482e-09	4.4964e-09	2
190	2.0234e-09	4.0468e-09	2
191	1.821e-09	3.6421e-09	2
192	1.6389e-09	3.2779e-09	2
193	1.475e-09	2.9501e-09	2
194	1.3275e-09	2.6551e-09	2
195	1.1948e-09	2.3896e-09	2
196	1.0753e-09	2.1506e-09	2
197	9.6778e-10	1.9356e-09	2
198	8.71e-10	1.742e-09	2
199	7.839e-10	1.5678e-09	2
200	7.0551e-10	1.411e-09	2
yes
