0	1	2.03	7.1209
1	0.9	1.827	6.1479
2	0.81	1.6443	5.3598
3	0.729	1.4799	4.7215
4	0.6561	1.3319	4.2044
5	0.59049	1.1987	3.7855
6	0.53144	1.0788	3.4463
7	0.4783	0.97094	3.1715
8	0.43047	0.87385	2.9489
9	0.38742	0.78646	2.7686
10	0.34868	0.70782	2.6226
11	0.31381	0.63704	2.5043
12	0.28243	0.57333	2.4085
13	0.25419	0.516	2.3309
14	0.22877	0.4644	2.268
15	0.20589	0.41796	2.2171
16	0.1853	0.37616	2.1758
17	0.16677	0.33855	2.1424
18	0.15009	0.30469	2.1154
19	0.13509	0.27422	2.0934
20	0.12158	0.2468	2.0757
21	0.10942	0.22212	2.0613
22	0.098477	0.19991	2.0497
23	0.088629	0.17992	2.0402
24	0.079766	0.16193	2.0326
25	0.07179	0.14573	2.0264
26	0.064611	0.13116	2.0214
27	0.05815	0.11804	2.0173
28	0.052335	0.10624	2.014
29	0.047101	0.095616	2.0114
30	0.042391	0.086054	2.0092
31	0.038152	0.077449	2.0075
32	0.034337	0.069704	2.006
33	0.030903	0.062733	2.0049
34	0.027813	0.05646	2.004
35	0.025032	0.050814	2.0032
36	0.022528	0.045733	2.0026
37	0.020276	0.041159	2.0021
38	0.018248	0.037043	2.0017
39	0.016423	0.033339	2.0014
40	0.014781	0.030005	2.0011
41	0.013303	0.027005	2.0009
42	0.011973	0.024304	2.0007
43	0.010775	0.021874	2.0006
44	0.0096977	0.019686	2.0005
45	0.008728	0.017718	2.0004
46	0.0078552	0.015946	2.0003
47	0.0070697	0.014351	2.0003
48	0.0063627	0.012916	2.0002
49	0.0057264	0.011625	2.0002
50	0.0051538	0.010462	2.0001
51	0.0046384	0.0094159	2.0001
52	0.0041746	0.0084744	2.0001
53	0.0037571	0.0076269	2.0001
54	0.0033814	0.0068642	2.0001
55	0.0030433	0.0061778	2
56	0.0027389	0.00556	2
57	0.002465	0.005004	2
58	0.0022185	0.0045036	2
59	0.0019967	0.0040533	2
60	0.001797	0.0036479	2
61	0.0016173	0.0032831	2
62	0.0014556	0.0029548	2
63	0.00131	0.0026593	2
64	0.001179	0.0023934	2
65	0.0010611	0.0021541	2
66	0.000955	0.0019387	2
67	0.0008595	0.0017448	2
68	0.00077355	0.0015703	2
69	0.0006962	0.0014133	2
70	0.00062658	0.001272	2
71	0.00056392	0.0011448	2
72	0.00050753	0.0010303	2
73	0.00045678	0.00092726	2
74	0.0004111	0.00083453	2
75	0.00036999	0.00075108	2
76	0.00033299	0.00067597	2
77	0.00029969	0.00060837	2
78	0.00026972	0.00054753	2
79	0.00024275	0.00049278	2
80	0.00021847	0.0004435	2
81	0.00019663	0.00039915	2
82	0.00017696	0.00035924	2
83	0.00015927	0.00032331	2
84	0.00014334	0.00029098	2
85	0.00012901	0.00026188	2
86	0.00011611	0.0002357	2
87	0.0001045	0.00021213	2
88	9.4046e-05	0.00019091	2
89	8.4641e-05	0.00017182	2
90	7.6177e-05	0.00015464	2
91	6.856e-05	0.00013918	2
92	6.1704e-05	0.00012526	2
93	5.5533e-05	0.00011273	2
94	4.998e-05	0.00010146	2
95	4.4982e-05	9.1313e-05	2
96	4.0484e-05	8.2182e-05	2
97	3.6435e-05	7.3964e-05	2
98	3.2792e-05	6.6567e-05	2
99	2.9513e-05	5.9911e-05	2
100	2.6561e-05	5.392e-05	2
101	2.3905e-05	4.8528e-05	2
102	2.1515e-05	4.3675e-05	2
103	1.9363e-05	3.9307e-05	2
104	1.7427e-05	3.5377e-05	2
105	1.5684e-05	3.1839e-05	2
106	1.4116e-05	2.8655e-05	2
107	1.2704e-05	2.579e-05	2
108	1.1434e-05	2.3211e-05	2
109	1.029e-05	2.089e-05	2
110	9.2614e-06	1.8801e-05	2
111	8.3352e-06	1.6921e-05	2
112	7.5017e-06	1.5228e-05	2
113	6.7516e-06	1.3706e-05	2
114	6.0764e-06	1.2335e-05	2
115	5.4688e-06	1.1102e-05	2
116	4.9219e-06	9.9914e-06	2
117	4.4297e-06	8.9923e-06	2
118	3.9867e-06	8.093e-06	2
119	3.5881e-06	7.2837e-06	2
120	3.2292e-06	6.5554e-06	2
121	2.9063e-06	5.8998e-06	2
122	2.6157e-06	5.3098e-06	2
123	2.3541e-06	4.7789e-06	2
124	2.1187e-06	4.301e-06	2
125	1.9068e-06	3.8709e-06	2
126	1.7162e-06	3.4838e-06	2
127	1.5445e-06	3.1354e-06	2
128	1.3901e-06	2.8219e-06	2
129	1.2511e-06	2.5397e-06	2
130	1.126e-06	2.2857e-06	2
131	1.0134e-06	2.0571e-06	2
132	9.1203e-07	1.8514e-06	2
133	8.2083e-07	1.6663e-06	2
134	7.3875e-07	1.4997e-06	2
135	6.6487e-07	1.3497e-06	2
136	5.9839e-07	1.2147e-06	2
137	5.3855e-07	1.0933e-06	2
138	4.8469e-07	9.8393e-07	2
139	4.3622e-07	8.8553e-07	2
140	3.926e-07	7.9698e-07	2
141	3.5334e-07	7.1728e-07	2
142	3.1801e-07	6.4555e-07	2
143	2.8621e-07	5.81e-07	2
144	2.5759e-07	5.229e-07	2
145	2.3183e-07	4.7061e-07	2
146	2.0864e-07	4.2355e-07	2
147	1.8778e-07	3.8119e-07	2
148	1.69e-07	3.4307e-07	2
149	1.521e-07	3.0877e-07	2
150	1.3689e-07	2.7789e-07	2
151	1.232e-07	2.501e-07	2
152	1.1088e-07	2.2509e-07	2
153	9.9794e-08	2.0258e-07	2
154	8.9815e-08	1.8232e-07	2
155	8.0833e-08	1.6409e-07	2
156	7.275e-08	1.4768e-07	2
157	6.5475e-08	1.3291e-07	2
158	5.8927e-08	1.1962e-07	2
159	5.3035e-08	1.0766e-07	2
160	4.7731e-08	9.6894e-08	2
161	4.2958e-08	8.7205e-08	2
162	3.8662e-08	7.8484e-08	2
163	3.4796e-08	7.0636e-08	2
164	3.1316e-08	6.3572e-08	2
165	2.8185e-08	5.7215e-08	2
166	2.5366e-08	5.1494e-08	2
167	2.283e-08	4.6344e-08	2
168	2.0547e-08	4.171e-08	2
169	1.8492e-08	3.7539e-08	2
170	1.6643e-08	3.3785e-08	2
171	1.4979e-08	3.0406e-08	2
172	1.3481e-08	2.7366e-08	2
173	1.2133e-08	2.4629e-08	2
174	1.0919e-08	2.2166e-08	2
175	9.8274e-09	1.995e-08	2
176	8.8447e-09	1.7955e-08	2
177	7.9602e-09	1.6159e-08	2
178	7.1642e-09	1.4543e-08	2
179	6.4478e-09	1.3089e-08	2
180	5.803e-09	1.178e-08	2
181	5.2227e-09	1.0602e-08	2
182	4.7004e-09	9.5419e-09	2
183	4.2304e-09	8.5877e-09	2
184	3.8073e-09	7.7289e-09	2
185	3.4266e-09	6.956e-09	2
186	3.0839e-09	6.2604e-09	2
187	2.7756e-09	5.6344e-09	2
188	2.498e-09	5.0709e-09	2
189	2.2482e-09	4.5638e-09	2
190	2.0234e-09	4.1075e-09	2
191	1.821e-09	3.6967e-09	2
192	1.6389e-09	3.327e-09	2
193	1.475e-09	2.9943e-09	2
194	1.3275e-09	2.6949e-09	2
195	1.1948e-09	2.4254e-09	2
196	1.0753e-09	2.1829e-09	2
197	9.6778e-10	1.9646e-09	2
198	8.71e-10	1.7681e-09	2
199	7.839e-10	1.5913e-09	2
200	7.0551e-10	1.4322e-09	2
yes
