0	100	20	10402
1	99.952	19.985	10392
2	99.903	19.979	10382
3	99.879	19.935	10375
4	99.834	19.913	10365
5	99.79	19.888	10356
6	99.748	19.861	10346
7	99.715	19.824	10338
8	99.672	19.799	10328
9	99.628	19.775	10319
10	99.583	19.753	10309
11	99.536	19.735	10299
12	99.497	19.704	10290
13	99.467	19.664	10282
14	99.42	19.646	10272
15	99.373	19.629	10262
16	99.332	19.601	10253
17	99.283	19.59	10243
18	99.247	19.555	10234
19	99.203	19.533	10225
20	99.158	19.51	10215
21	99.115	19.484	10205
22	99.067	19.469	10195
23	99.024	19.445	10186
24	98.982	19.417	10177
25	98.943	19.386	10168
26	98.906	19.353	10159
27	98.867	19.321	10150
28	98.822	19.299	10140
29	98.773	19.293	10130
30	98.735	19.261	10122
31	98.689	19.241	10112
32	98.643	19.22	10102
33	98.597	19.202	10092
34	98.556	19.174	10083
35	98.511	19.15	10073
36	98.471	19.121	10064
37	98.424	19.103	10054
38	98.377	19.085	10044
39	98.328	19.08	10034
40	98.284	19.056	10025
41	98.243	19.027	10016
42	98.206	18.993	10007
43	98.167	18.963	9998.3
44	98.117	18.955	9988.3
45	98.069	18.94	9978.3
46	98.023	18.921	9968.5
47	97.977	18.903	9958.7
48	97.943	18.866	9950.8
49	97.905	18.833	9942.1
50	97.868	18.8	9933.6
51	97.819	18.79	9923.7
52	97.788	18.751	9916
53	97.738	18.746	9906.1
54	97.688	18.74	9896.2
55	97.675	18.692	9891.8
56	97.651	18.648	9885.4
57	97.615	18.613	9877.2
58	97.571	18.589	9867.7
59	97.523	18.578	9857.8
60	97.485	18.545	9849.3
61	97.439	18.527	9839.5
62	97.404	18.491	9831.5
63	97.356	18.476	9821.6
64	97.308	18.463	9811.7
65	97.259	18.455	9801.8
66	97.231	18.413	9794.8
67	97.194	18.38	9786.4
68	97.169	18.336	9780
69	97.137	18.298	9772.3
70	97.11	18.256	9765.6
71	97.066	18.233	9756.2
72	97.029	18.199	9747.8
73	96.989	18.169	9738.9
74	96.939	18.162	9729.1
75	96.891	18.149	9719.2
76	96.847	18.126	9709.8
77	96.797	18.12	9700
78	96.754	18.095	9690.7
79	96.717	18.062	9682.4
80	96.673	18.038	9673
81	96.629	18.013	9663.7
82	96.598	17.974	9656.3
83	96.554	17.952	9646.8
84	96.526	17.91	9640
85	96.48	17.889	9630.5
86	96.452	17.848	9623.5
87	96.405	17.83	9613.9
88	96.356	17.824	9604.1
89	96.308	17.81	9594.3
90	96.264	17.785	9585.1
91	96.222	17.759	9576
92	96.188	17.722	9568.1
93	96.15	17.69	9559.7
94	96.119	17.65	9552.4
95	96.071	17.635	9542.7
96	96.032	17.605	9534
97	96.019	17.556	9529.8
98	95.975	17.532	9520.6
99	95.968	17.483	9517.5
100	95.935	17.445	9509.9
101	95.908	17.403	9503.1
102	95.861	17.385	9493.6
103	95.834	17.343	9486.8
104	95.805	17.302	9480
105	95.756	17.295	9470.3
106	95.719	17.261	9462.1
107	95.681	17.228	9453.7
108	95.637	17.204	9444.5
109	95.588	17.195	9434.8
110	95.54	17.182	9425.1
111	95.503	17.149	9416.8
112	95.459	17.124	9407.7
113	95.423	17.09	9399.6
114	95.402	17.044	9394.1
115	95.38	16.999	9388.2
116	95.334	16.978	9378.9
117	95.296	16.946	9370.5
118	95.254	16.92	9361.5
119	95.212	16.892	9352.6
120	95.166	16.871	9343.3
121	95.117	16.866	9333.6
122	95.074	16.839	9324.7
123	95.031	16.813	9315.7
124	94.993	16.781	9307.3
125	94.949	16.757	9298.2
126	94.911	16.725	9289.8
127	94.863	16.709	9280.2
128	94.834	16.669	9273.3
129	94.786	16.654	9263.7
130	94.743	16.628	9254.8
131	94.696	16.612	9245.3
132	94.647	16.601	9235.7
133	94.603	16.577	9226.5
134	94.568	16.541	9218.8
135	94.528	16.512	9210.1
136	94.506	16.467	9204.6
137	94.461	16.447	9195.3
138	94.429	16.408	9188
139	94.389	16.379	9179.4
140	94.367	16.333	9174
141	94.335	16.295	9166.6
142	94.296	16.264	9158.3
143	94.286	16.215	9154.8
144	94.238	16.203	9145.3
145	94.196	16.176	9136.5
146	94.15	16.157	9127.2
147	94.106	16.132	9118.2
148	94.056	16.129	9108.7
149	94.012	16.105	9099.7
150	93.97	16.079	9090.8
151	93.92	16.075	9081.3
152	93.875	16.052	9072.2
153	93.836	16.021	9063.9
154	93.792	15.998	9054.9
155	93.743	15.987	9045.4
156	93.695	15.972	9035.9
157	93.65	15.951	9026.8
158	93.603	15.934	9017.4
159	93.564	15.903	9009.2
160	93.519	15.882	9000
161	93.469	15.874	8990.5
162	93.424	15.853	8981.4
163	93.376	15.839	8971.9
164	93.332	15.815	8963
165	93.283	15.81	8953.6
166	93.249	15.772	8946.2
167	93.202	15.757	8936.9
168	93.167	15.721	8929.2
169	93.118	15.71	8919.8
170	93.077	15.681	8911.3
171	93.041	15.647	8903.4
172	92.992	15.635	8894
173	92.961	15.597	8886.9
174	92.924	15.562	8879.1
175	92.885	15.531	8870.8
176	92.835	15.528	8861.5
177	92.791	15.504	8852.6
178	92.742	15.494	8843.2
179	92.694	15.482	8833.8
180	92.645	15.469	8824.4
181	92.603	15.443	8815.7
182	92.555	15.428	8806.4
183	92.528	15.386	8800.1
184	92.483	15.364	8791.2
185	92.437	15.346	8782
186	92.389	15.33	8772.7
187	92.34	15.32	8763.4
188	92.326	15.272	8759.3
189	92.298	15.23	8753
190	92.254	15.208	8744
191	92.207	15.192	8734.8
192	92.166	15.162	8726.5
193	92.117	15.155	8717.1
194	92.067	15.153	8707.9
195	92.019	15.139	8698.6
196	91.982	15.105	8690.9
197	91.969	15.056	8687
198	91.923	15.039	8677.9
199	91.887	15.003	8670.4
200	91.838	14.996	8661.1

