0   -1.8   0.77276
1   -1.81904   0.73527
2   -1.83937   0.69258
3   -1.86101   0.64433
4   -1.88396   0.59021
5   -1.90817   0.53005
6   -1.93361   0.46386
7   -1.96019   0.39182
8   -1.98779   0.31439
9   -2.01627   0.23223
10   -2.04545   0.14631
11   -2.07513   0.05777
12   -2.10508   -0.03204
13   -2.13506   -0.1217
14   -2.16484   -0.20976
15   -2.19417   -0.29488
16   -2.22284   -0.37586
17   -2.25064   -0.45175
18   -2.2774   -0.52185
19   -2.30299   -0.58574
20   -2.32731   -0.64325
21   -2.35028   -0.69444
22   -2.37186   -0.73955
23   -2.39206   -0.77895
24   -2.41087   -0.81308
25   -2.42833   -0.84245
26   -2.4445   -0.86758
27   -2.45942   -0.88896
28   -2.47316   -0.90708
29   -2.48579   -0.92237
30   -2.49737   -0.93524
31   -2.50799   -0.94604
32   -2.51772   -0.95509
33   -2.52661   -0.96265
34   -2.53473   -0.96896
35   -2.54214   -0.97422
36   -2.54891   -0.9786
37   -2.55508   -0.98224
38   -2.56071   -0.98527
39   -2.56584   -0.98779
40   -2.57052   -0.98987
41   -2.57478   -0.99161
42   -2.57865   -0.99304
43   -2.58219   -0.99424
44   -2.5854   -0.99522
45   -2.58833   -0.99604
46   -2.591   -0.99672
47   -2.59342   -0.99728
48   -2.59563   -0.99775
49   -2.59764   -0.99814
50   -2.59948   -0.99846
51   -2.60114   -0.99872
52   -2.60266   -0.99894
53   -2.60404   -0.99912
54   -2.60529   -0.99927
55   -2.60644   -0.9994
56   -2.60748   -0.9995
57   -2.60842   -0.99959
58   -2.60928   -0.99966
59   -2.61007   -0.99972
60   -2.61078   -0.99977
61   -2.61143   -0.99981
62   -2.61202   -0.99984
63   -2.61256   -0.99987
64   -2.61305   -0.99989
65   -2.61349   -0.99991
66   -2.6139   -0.99992
67   -2.61427   -0.99994
68   -2.6146   -0.99995
69   -2.61491   -0.99996
70   -2.61518   -0.99996
71   -2.61544   -0.99997
72   -2.61567   -0.99998
73   -2.61588   -0.99998
74   -2.61607   -0.99998
75   -2.61624   -0.99999
76   -2.6164   -0.99999
77   -2.61654   -0.99999
78   -2.61667   -0.99999
79   -2.61679   -0.99999
80   -2.6169   -0.99999
81   -2.617   -1.0
82   -2.61709   -1.0
83   -2.61717   -1.0
84   -2.61724   -1.0
85   -2.61731   -1.0
86   -2.61737   -1.0
87   -2.61743   -1.0
88   -2.61748   -1.0
89   -2.61753   -1.0
90   -2.61757   -1.0
91   -2.61761   -1.0
92   -2.61764   -1.0
93   -2.61767   -1.0
94   -2.6177   -1.0
95   -2.61773   -1.0
96   -2.61775   -1.0
97   -2.61777   -1.0
98   -2.61779   -1.0
99   -2.61781   -1.0
100   -2.61783   -1.0
101   -2.61784   -1.0
102   -2.61786   -1.0
103   -2.61787   -1.0
104   -2.61788   -1.0
105   -2.61789   -1.0
106   -2.6179   -1.0
107   -2.61791   -1.0
108   -2.61792   -1.0
109   -2.61792   -1.0
110   -2.61793   -1.0
111   -2.61794   -1.0
112   -2.61794   -1.0
113   -2.61795   -1.0
114   -2.61795   -1.0
115   -2.61795   -1.0
116   -2.61796   -1.0
117   -2.61796   -1.0
118   -2.61796   -1.0
119   -2.61797   -1.0
120   -2.61797   -1.0
121   -2.61797   -1.0
122   -2.61797   -1.0
123   -2.61797   -1.0
124   -2.61798   -1.0
125   -2.61798   -1.0
126   -2.61798   -1.0
127   -2.61798   -1.0
128   -2.61798   -1.0
129   -2.61798   -1.0
130   -2.61798   -1.0
131   -2.61798   -1.0
132   -2.61799   -1.0
133   -2.61799   -1.0
134   -2.61799   -1.0
135   -2.61799   -1.0
136   -2.61799   -1.0
137   -2.61799   -1.0
138   -2.61799   -1.0
139   -2.61799   -1.0
140   -2.61799   -1.0
141   -2.61799   -1.0
142   -2.61799   -1.0
143   -2.61799   -1.0
144   -2.61799   -1.0
145   -2.61799   -1.0
146   -2.61799   -1.0
147   -2.61799   -1.0
148   -2.61799   -1.0
149   -2.61799   -1.0
150   -2.61799   -1.0
151   -2.61799   -1.0
152   -2.61799   -1.0
153   -2.61799   -1.0
154   -2.61799   -1.0
155   -2.61799   -1.0
156   -2.61799   -1.0
157   -2.61799   -1.0
158   -2.61799   -1.0
159   -2.61799   -1.0
160   -2.61799   -1.0
161   -2.61799   -1.0
162   -2.61799   -1.0
163   -2.61799   -1.0
164   -2.61799   -1.0
165   -2.61799   -1.0
166   -2.61799   -1.0
167   -2.61799   -1.0
168   -2.61799   -1.0
169   -2.61799   -1.0
170   -2.61799   -1.0
171   -2.61799   -1.0
172   -2.61799   -1.0
173   -2.61799   -1.0
174   -2.61799   -1.0
175   -2.61799   -1.0
176   -2.61799   -1.0
177   -2.61799   -1.0
178   -2.61799   -1.0
179   -2.61799   -1.0
180   -2.61799   -1.0
181   -2.61799   -1.0
182   -2.61799   -1.0
183   -2.61799   -1.0
184   -2.61799   -1.0
185   -2.61799   -1.0
186   -2.61799   -1.0
187   -2.61799   -1.0
188   -2.61799   -1.0
189   -2.61799   -1.0
190   -2.61799   -1.0
191   -2.61799   -1.0
192   -2.61799   -1.0
193   -2.61799   -1.0
194   -2.61799   -1.0
195   -2.61799   -1.0
196   -2.61799   -1.0
197   -2.61799   -1.0
198   -2.61799   -1.0
199   -2.61799   -1.0
200   -2.61799   -1.0
yes
