0	100	10000
1	80	6400.2
2	64	4096.2
3	51.2	2621.6
4	40.96	1677.9
5	32.768	1073.9
6	26.214	687.39
7	20.972	440
8	16.777	281.67
9	13.422	180.34
10	10.737	115.49
11	8.5899	73.987
12	6.8719	47.424
13	5.4976	30.423
14	4.398	19.543
15	3.5184	12.579
16	2.8147	8.1228
17	2.2518	5.2706
18	1.8014	3.4452
19	1.4412	2.2769
20	1.1529	1.5292
21	0.92234	1.0507
22	0.73787	0.74445
23	0.5903	0.54845
24	0.47224	0.42301
25	0.37779	0.34272
26	0.30223	0.29134
27	0.24179	0.25846
28	0.19343	0.23741
29	0.15474	0.22395
30	0.12379	0.21532
31	0.099035	0.20981
32	0.079228	0.20628
33	0.063383	0.20402
34	0.050706	0.20257
35	0.040565	0.20165
36	0.032452	0.20105
37	0.025961	0.20067
38	0.020769	0.20043
39	0.016615	0.20028
40	0.013292	0.20018
41	0.010634	0.20011
42	0.0085071	0.20007
43	0.0068056	0.20005
44	0.0054445	0.20003
45	0.0043556	0.20002
46	0.0034845	0.20001
47	0.0027876	0.20001
48	0.0022301	0.2
49	0.0017841	0.2
50	0.0014272	0.2
51	0.0011418	0.2
52	0.00091344	0.2
53	0.00073075	0.2
54	0.0005846	0.2
55	0.00046768	0.2
56	0.00037414	0.2
57	0.00029932	0.2
58	0.00023945	0.2
59	0.00019156	0.2
60	0.00015325	0.2
61	0.0001226	0.2
62	9.808e-05	0.2
63	7.8464e-05	0.2
64	6.2771e-05	0.2
65	5.0217e-05	0.2
66	4.0173e-05	0.2
67	3.2139e-05	0.2
68	2.5711e-05	0.2
69	2.0569e-05	0.2
70	1.6455e-05	0.2
71	1.3164e-05	0.2
72	1.0531e-05	0.2
73	8.425e-06	0.2
74	6.74e-06	0.2
75	5.392e-06	0.2
76	4.3136e-06	0.2
77	3.4509e-06	0.2
78	2.7607e-06	0.2
79	2.2086e-06	0.2
80	1.7668e-06	0.2
81	1.4135e-06	0.2
82	1.1308e-06	0.2
83	9.0463e-07	0.2
84	7.237e-07	0.2
85	5.7896e-07	0.2
86	4.6317e-07	0.2
87	3.7053e-07	0.2
88	2.9643e-07	0.2
89	2.3714e-07	0.2
90	1.8971e-07	0.2
91	1.5177e-07	0.2
92	1.2142e-07	0.2
93	9.7133e-08	0.2
94	7.7707e-08	0.2
95	6.2165e-08	0.2
96	4.9732e-08	0.2
97	3.9786e-08	0.2
98	3.1829e-08	0.2
99	2.5463e-08	0.2
100	2.037e-08	0.2
101	1.6296e-08	0.2
102	1.3037e-08	0.2
103	1.043e-08	0.2
104	8.3437e-09	0.2
105	6.675e-09	0.2
106	5.34e-09	0.2
107	4.272e-09	0.2
108	3.4176e-09	0.2
109	2.7341e-09	0.2
110	2.1873e-09	0.2
111	1.7498e-09	0.2
112	1.3998e-09	0.2
113	1.1199e-09	0.2
114	8.959e-10	0.2
115	7.1672e-10	0.2
116	5.7337e-10	0.2
117	4.587e-10	0.2
118	3.6696e-10	0.2
119	2.9357e-10	0.2
120	2.3485e-10	0.2
121	1.8788e-10	0.2
122	1.5031e-10	0.2
123	1.2025e-10	0.2
124	9.6196e-11	0.2
125	7.6957e-11	0.2
126	6.1566e-11	0.2
127	4.9252e-11	0.2
128	3.9402e-11	0.2
129	3.1522e-11	0.2
130	2.5217e-11	0.2
131	2.0174e-11	0.2
132	1.6139e-11	0.2
133	1.2911e-11	0.2
134	1.0329e-11	0.2
135	8.2632e-12	0.2
136	6.6105e-12	0.2
137	5.2884e-12	0.2
138	4.2311e-12	0.2
139	3.3848e-12	0.2
140	2.7079e-12	0.2
141	2.1663e-12	0.2
142	1.7331e-12	0.2
143	1.3864e-12	0.2
144	1.1092e-12	0.2
145	8.8746e-13	0.2
146	7.0996e-13	0.2
147	5.6785e-13	0.2
148	4.5416e-13	0.2
149	3.6321e-13	0.2
150	2.9056e-13	0.2
151	2.3245e-13	0.2
152	1.8595e-13	0.2
153	1.4876e-13	0.2
154	1.1901e-13	0.2
155	9.5205e-14	0.2
156	7.6152e-14	0.2
157	6.092e-14	0.2
158	4.8729e-14	0.2
159	3.8981e-14	0.2
160	3.1165e-14	0.2
161	2.4925e-14	0.2
162	1.9951e-14	0.2
163	1.5955e-14	0.2
164	1.2757e-14	0.2
165	1.0204e-14	0.2
166	8.1608e-15	0.2
167	6.516e-15	0.2
168	5.2053e-15	0.2
169	4.1617e-15	0.2
170	4.1617e-15	0.2
171	4.1617e-15	0.2
172	4.1617e-15	0.2
173	4.1617e-15	0.2
174	4.1617e-15	0.2
175	4.1617e-15	0.2
176	4.1617e-15	0.2
177	4.1617e-15	0.2
178	4.1617e-15	0.2
179	4.1617e-15	0.2
180	4.1617e-15	0.2
181	4.1617e-15	0.2
182	4.1617e-15	0.2
183	4.1617e-15	0.2
184	4.1617e-15	0.2
185	4.1617e-15	0.2
186	4.1617e-15	0.2
187	4.1617e-15	0.2
188	4.1617e-15	0.2
189	4.1617e-15	0.2
190	4.1617e-15	0.2
191	4.1617e-15	0.2
192	4.1617e-15	0.2
193	4.1617e-15	0.2
194	4.1617e-15	0.2
195	4.1617e-15	0.2
196	4.1617e-15	0.2
197	4.1617e-15	0.2
198	4.1617e-15	0.2
199	4.1617e-15	0.2
200	4.1617e-15	0.2
yes
