0	100	10000
1	40	1600.2
2	16	256.2
3	6.4	41.16
4	2.56	6.7536
5	1.024	1.2486
6	0.4096	0.36777
7	0.16384	0.22684
8	0.065536	0.20429
9	0.026214	0.20069
10	0.010486	0.20011
11	0.0041943	0.20002
12	0.0016777	0.2
13	0.00067109	0.2
14	0.00026844	0.2
15	0.00010737	0.2
16	4.295e-05	0.2
17	1.718e-05	0.2
18	6.8719e-06	0.2
19	2.7488e-06	0.2
20	1.0995e-06	0.2
21	4.398e-07	0.2
22	1.7592e-07	0.2
23	7.0369e-08	0.2
24	2.8147e-08	0.2
25	1.1259e-08	0.2
26	4.5036e-09	0.2
27	1.8014e-09	0.2
28	7.2058e-10	0.2
29	2.8823e-10	0.2
30	1.1529e-10	0.2
31	4.6117e-11	0.2
32	1.8447e-11	0.2
33	7.3794e-12	0.2
34	2.9518e-12	0.2
35	1.1807e-12	0.2
36	4.7228e-13	0.2
37	1.8891e-13	0.2
38	7.5524e-14	0.2
39	3.0227e-14	0.2
40	1.2108e-14	0.2
41	4.8474e-15	0.2
42	1.9165e-15	0.2
43	1.9165e-15	0.2
44	1.9165e-15	0.2
45	1.9165e-15	0.2
46	1.9165e-15	0.2
47	1.9165e-15	0.2
48	1.9165e-15	0.2
49	1.9165e-15	0.2
50	1.9165e-15	0.2
51	1.9165e-15	0.2
52	1.9165e-15	0.2
53	1.9165e-15	0.2
54	1.9165e-15	0.2
55	1.9165e-15	0.2
56	1.9165e-15	0.2
57	1.9165e-15	0.2
58	1.9165e-15	0.2
59	1.9165e-15	0.2
60	1.9165e-15	0.2
61	1.9165e-15	0.2
62	1.9165e-15	0.2
63	1.9165e-15	0.2
64	1.9165e-15	0.2
65	1.9165e-15	0.2
66	1.9165e-15	0.2
67	1.9165e-15	0.2
68	1.9165e-15	0.2
69	1.9165e-15	0.2
70	1.9165e-15	0.2
71	1.9165e-15	0.2
72	1.9165e-15	0.2
73	1.9165e-15	0.2
74	1.9165e-15	0.2
75	1.9165e-15	0.2
76	1.9165e-15	0.2
77	1.9165e-15	0.2
78	1.9165e-15	0.2
79	1.9165e-15	0.2
80	1.9165e-15	0.2
81	1.9165e-15	0.2
82	1.9165e-15	0.2
83	1.9165e-15	0.2
84	1.9165e-15	0.2
85	1.9165e-15	0.2
86	1.9165e-15	0.2
87	1.9165e-15	0.2
88	1.9165e-15	0.2
89	1.9165e-15	0.2
90	1.9165e-15	0.2
91	1.9165e-15	0.2
92	1.9165e-15	0.2
93	1.9165e-15	0.2
94	1.9165e-15	0.2
95	1.9165e-15	0.2
96	1.9165e-15	0.2
97	1.9165e-15	0.2
98	1.9165e-15	0.2
99	1.9165e-15	0.2
100	1.9165e-15	0.2
101	1.9165e-15	0.2
102	1.9165e-15	0.2
103	1.9165e-15	0.2
104	1.9165e-15	0.2
105	1.9165e-15	0.2
106	1.9165e-15	0.2
107	1.9165e-15	0.2
108	1.9165e-15	0.2
109	1.9165e-15	0.2
110	1.9165e-15	0.2
111	1.9165e-15	0.2
112	1.9165e-15	0.2
113	1.9165e-15	0.2
114	1.9165e-15	0.2
115	1.9165e-15	0.2
116	1.9165e-15	0.2
117	1.9165e-15	0.2
118	1.9165e-15	0.2
119	1.9165e-15	0.2
120	1.9165e-15	0.2
121	1.9165e-15	0.2
122	1.9165e-15	0.2
123	1.9165e-15	0.2
124	1.9165e-15	0.2
125	1.9165e-15	0.2
126	1.9165e-15	0.2
127	1.9165e-15	0.2
128	1.9165e-15	0.2
129	1.9165e-15	0.2
130	1.9165e-15	0.2
131	1.9165e-15	0.2
132	1.9165e-15	0.2
133	1.9165e-15	0.2
134	1.9165e-15	0.2
135	1.9165e-15	0.2
136	1.9165e-15	0.2
137	1.9165e-15	0.2
138	1.9165e-15	0.2
139	1.9165e-15	0.2
140	1.9165e-15	0.2
141	1.9165e-15	0.2
142	1.9165e-15	0.2
143	1.9165e-15	0.2
144	1.9165e-15	0.2
145	1.9165e-15	0.2
146	1.9165e-15	0.2
147	1.9165e-15	0.2
148	1.9165e-15	0.2
149	1.9165e-15	0.2
150	1.9165e-15	0.2
151	1.9165e-15	0.2
152	1.9165e-15	0.2
153	1.9165e-15	0.2
154	1.9165e-15	0.2
155	1.9165e-15	0.2
156	1.9165e-15	0.2
157	1.9165e-15	0.2
158	1.9165e-15	0.2
159	1.9165e-15	0.2
160	1.9165e-15	0.2
161	1.9165e-15	0.2
162	1.9165e-15	0.2
163	1.9165e-15	0.2
164	1.9165e-15	0.2
165	1.9165e-15	0.2
166	1.9165e-15	0.2
167	1.9165e-15	0.2
168	1.9165e-15	0.2
169	1.9165e-15	0.2
170	1.9165e-15	0.2
171	1.9165e-15	0.2
172	1.9165e-15	0.2
173	1.9165e-15	0.2
174	1.9165e-15	0.2
175	1.9165e-15	0.2
176	1.9165e-15	0.2
177	1.9165e-15	0.2
178	1.9165e-15	0.2
179	1.9165e-15	0.2
180	1.9165e-15	0.2
181	1.9165e-15	0.2
182	1.9165e-15	0.2
183	1.9165e-15	0.2
184	1.9165e-15	0.2
185	1.9165e-15	0.2
186	1.9165e-15	0.2
187	1.9165e-15	0.2
188	1.9165e-15	0.2
189	1.9165e-15	0.2
190	1.9165e-15	0.2
191	1.9165e-15	0.2
192	1.9165e-15	0.2
193	1.9165e-15	0.2
194	1.9165e-15	0.2
195	1.9165e-15	0.2
196	1.9165e-15	0.2
197	1.9165e-15	0.2
198	1.9165e-15	0.2
199	1.9165e-15	0.2
200	1.9165e-15	0.2
yes
