0	100	10000
1	-100	10000
2	100	10000
3	-100	10000
4	100	10000
5	-100	10000
6	100	10000
7	-100	10000
8	100	10000
9	-100	10000
10	100	10000
11	-100	10000
12	100	10000
13	-100	10000
14	100	10000
15	-100	10000
16	100	10000
17	-100	10000
18	100	10000
19	-100	10000
20	100	10000
21	-100	10000
22	100	10000
23	-100	10000
24	100	10000
25	-100	10000
26	100	10000
27	-100	10000
28	100	10000
29	-100	10000
30	100	10000
31	-100	10000
32	100	10000
33	-100	10000
34	100	10000
35	-100	10000
36	100	10000
37	-100	10000
38	100	10000
39	-100	10000
40	100	10000
41	-100	10000
42	100	10000
43	-100	10000
44	100	10000
45	-100	10000
46	100	10000
47	-100	10000
48	100	10000
49	-100	10000
50	100	10000
51	-100	10000
52	100	10000
53	-100	10000
54	100	10000
55	-100	10000
56	100	10000
57	-100	10000
58	100	10000
59	-100	10000
60	100	10000
61	-100	10000
62	100	10000
63	-100	10000
64	100	10000
65	-100	10000
66	100	10000
67	-100	10000
68	100	10000
69	-100	10000
70	100	10000
71	-100	10000
72	100	10000
73	-100	10000
74	100	10000
75	-100	10000
76	100	10000
77	-100	10000
78	100	10000
79	-100	10000
80	100	10000
81	-100	10000
82	100	10000
83	-100	10000
84	100	10000
85	-100	10000
86	100	10000
87	-100	10000
88	100	10000
89	-100	10000
90	100	10000
91	-100	10000
92	100	10000
93	-100	10000
94	100	10000
95	-100	10000
96	100	10000
97	-100	10000
98	100	10000
99	-100	10000
100	100	10000
101	-100	10000
102	100	10000
103	-100	10000
104	100	10000
105	-100	10000
106	100	10000
107	-100	10000
108	100	10000
109	-100	10000
110	100	10000
111	-100	10000
112	100	10000
113	-100	10000
114	100	10000
115	-100	10000
116	100	10000
117	-100	10000
118	100	10000
119	-100	10000
120	100	10000
121	-100	10000
122	100	10000
123	-100	10000
124	100	10000
125	-100	10000
126	100	10000
127	-100	10000
128	100	10000
129	-100	10000
130	100	10000
131	-100	10000
132	100	10000
133	-100	10000
134	100	10000
135	-100	10000
136	100	10000
137	-100	10000
138	100	10000
139	-100	10000
140	100	10000
141	-100	10000
142	100	10000
143	-100	10000
144	100	10000
145	-100	10000
146	100	10000
147	-100	10000
148	100	10000
149	-100	10000
150	100	10000
151	-100	10000
152	100	10000
153	-100	10000
154	100	10000
155	-100	10000
156	100	10000
157	-100	10000
158	100	10000
159	-100	10000
160	100	10000
161	-100	10000
162	100	10000
163	-100	10000
164	100	10000
165	-100	10000
166	100	10000
167	-100	10000
168	100	10000
169	-100	10000
170	100	10000
171	-100	10000
172	100	10000
173	-100	10000
174	100	10000
175	-100	10000
176	100	10000
177	-100	10000
178	100	10000
179	-100	10000
180	100	10000
181	-100	10000
182	100	10000
183	-100	10000
184	100	10000
185	-100	10000
186	100	10000
187	-100	10000
188	100	10000
189	-100	10000
190	100	10000
191	-100	10000
192	100	10000
193	-100	10000
194	100	10000
195	-100	10000
196	100	10000
197	-100	10000
198	100	10000
199	-100	10000
200	100	10000
no
