0	100	10000
1	-102	10404
2	104.04	10825
3	-106.12	11262
4	108.24	11717
5	-110.41	12190
6	112.62	12683
7	-114.87	13195
8	117.17	13728
9	-119.51	14283
10	121.9	14860
11	-124.34	15460
12	126.82	16085
13	-129.36	16734
14	131.95	17410
15	-134.59	18114
16	137.28	18846
17	-140.02	19607
18	142.82	20399
19	-145.68	21223
20	148.59	22081
21	-151.57	22973
22	154.6	23901
23	-157.69	24866
24	160.84	25871
25	-164.06	26916
26	167.34	28003
27	-170.69	29135
28	174.1	30312
29	-177.58	31536
30	181.14	32811
31	-184.76	34136
32	188.45	35515
33	-192.22	36950
34	196.07	38443
35	-199.99	39996
36	203.99	41612
37	-208.07	43293
38	212.23	45042
39	-216.47	46861
40	220.8	48755
41	-225.22	50724
42	229.72	52774
43	-234.32	54906
44	239.01	57124
45	-243.79	59432
46	248.66	61833
47	-253.63	64331
48	258.71	66930
49	-263.88	69633
50	269.16	72447
51	-274.54	75373
52	280.03	78419
53	-285.63	81587
54	291.35	84883
55	-297.17	88312
56	303.12	91880
57	-309.18	95592
58	315.36	99454
59	-321.67	1.0347e+05
60	328.1	1.0765e+05
61	-334.67	1.12e+05
62	341.36	1.1653e+05
63	-348.19	1.2123e+05
64	355.15	1.2613e+05
65	-362.25	1.3123e+05
66	369.5	1.3653e+05
67	-376.89	1.4204e+05
68	384.43	1.4778e+05
69	-392.11	1.5375e+05
70	399.96	1.5996e+05
71	-407.95	1.6643e+05
72	416.11	1.7315e+05
73	-424.44	1.8015e+05
74	432.93	1.8742e+05
75	-441.58	1.95e+05
76	450.42	2.0287e+05
77	-459.42	2.1107e+05
78	468.61	2.196e+05
79	-477.98	2.2847e+05
80	487.54	2.377e+05
81	-497.29	2.473e+05
82	507.24	2.5729e+05
83	-517.39	2.6769e+05
84	527.73	2.785e+05
85	-538.29	2.8975e+05
86	549.05	3.0146e+05
87	-560.03	3.1364e+05
88	571.24	3.2631e+05
89	-582.66	3.3949e+05
90	594.31	3.5321e+05
91	-606.2	3.6748e+05
92	618.32	3.8232e+05
93	-630.69	3.9777e+05
94	643.3	4.1384e+05
95	-656.17	4.3056e+05
96	669.29	4.4795e+05
97	-682.68	4.6605e+05
98	696.33	4.8488e+05
99	-710.26	5.0447e+05
100	724.46	5.2485e+05
101	-738.95	5.4605e+05
102	753.73	5.6811e+05
103	-768.81	5.9107e+05
104	784.18	6.1494e+05
105	-799.87	6.3979e+05
106	815.86	6.6564e+05
107	-832.18	6.9253e+05
108	848.83	7.2051e+05
109	-865.8	7.4961e+05
110	883.12	7.799e+05
111	-900.78	8.1141e+05
112	918.8	8.4419e+05
113	-937.17	8.7829e+05
114	955.92	9.1377e+05
115	-975.03	9.5069e+05
116	994.53	9.891e+05
117	-1014.4	1.0291e+06
118	1034.7	1.0706e+06
119	-1055.4	1.1139e+06
120	1076.5	1.1589e+06
121	-1098	1.2057e+06
122	1120	1.2544e+06
123	-1142.4	1.3051e+06
124	1165.3	1.3578e+06
125	-1188.6	1.4127e+06
126	1212.3	1.4697e+06
127	-1236.6	1.5291e+06
128	1261.3	1.5909e+06
129	-1286.5	1.6552e+06
130	1312.3	1.722e+06
131	-1338.5	1.7916e+06
132	1365.3	1.864e+06
133	-1392.6	1.9393e+06
134	1420.4	2.0177e+06
135	-1448.8	2.0992e+06
136	1477.8	2.184e+06
137	-1507.4	2.2722e+06
138	1537.5	2.364e+06
139	-1568.3	2.4595e+06
140	1599.6	2.5589e+06
141	-1631.6	2.6622e+06
142	1664.3	2.7698e+06
143	-1697.6	2.8817e+06
144	1731.5	2.9981e+06
145	-1766.1	3.1192e+06
146	1801.5	3.2453e+06
147	-1837.5	3.3764e+06
148	1874.2	3.5128e+06
149	-1911.7	3.6547e+06
150	1950	3.8023e+06
151	-1989	3.956e+06
152	2028.7	4.1158e+06
153	-2069.3	4.2821e+06
154	2110.7	4.4551e+06
155	-2152.9	4.635e+06
156	2196	4.8223e+06
157	-2239.9	5.0171e+06
158	2284.7	5.2198e+06
159	-2330.4	5.4307e+06
160	2377	5.6501e+06
161	-2424.5	5.8783e+06
162	2473	6.1158e+06
163	-2522.5	6.3629e+06
164	2572.9	6.62e+06
165	-2624.4	6.8874e+06
166	2676.9	7.1657e+06
167	-2730.4	7.4552e+06
168	2785	7.7564e+06
169	-2840.7	8.0697e+06
170	2897.5	8.3957e+06
171	-2955.5	8.7349e+06
172	3014.6	9.0878e+06
173	-3074.9	9.455e+06
174	3136.4	9.8369e+06
175	-3199.1	1.0234e+07
176	3263.1	1.0648e+07
177	-3328.4	1.1078e+07
178	3394.9	1.1526e+07
179	-3462.8	1.1991e+07
180	3532.1	1.2476e+07
181	-3602.7	1.298e+07
182	3674.8	1.3504e+07
183	-3748.3	1.405e+07
184	3823.2	1.4617e+07
185	-3899.7	1.5208e+07
186	3977.7	1.5822e+07
187	-4057.3	1.6461e+07
188	4138.4	1.7126e+07
189	-4221.2	1.7818e+07
190	4305.6	1.8538e+07
191	-4391.7	1.9287e+07
192	4479.5	2.0066e+07
193	-4569.1	2.0877e+07
194	4660.5	2.172e+07
195	-4753.7	2.2598e+07
196	4848.8	2.3511e+07
197	-4945.8	2.4461e+07
198	5044.7	2.5449e+07
199	-5145.6	2.6477e+07
200	5248.5	2.7547e+07
no
